100
0 1 59.0
0 2 89.0
0 3 67.0
0 4 59.0
0 5 85.0
0 6 88.0
0 7 59.0
0 8 52.0
0 9 74.0
0 10 91.0
0 11 70.0
0 12 84.0
0 13 67.0
0 14 66.0
0 15 83.0
0 16 95.0
0 17 59.0
0 18 52.0
0 19 94.0
0 20 53.0
0 21 71.0
0 22 96.0
0 23 52.0
0 24 70.0
0 25 56.0
0 26 93.0
0 27 52.0
0 28 73.0
0 29 72.0
0 30 75.0
0 31 71.0
0 32 59.0
0 33 87.0
0 34 58.0
0 35 86.0
0 36 100.0
0 37 76.0
0 38 70.0
0 39 52.0
0 40 63.0
0 41 58.0
0 42 87.0
0 43 81.0
0 44 55.0
0 45 88.0
0 46 71.0
0 47 67.0
0 48 83.0
0 49 77.0
0 50 97.0
0 51 81.0
0 52 85.0
0 53 80.0
0 54 88.0
0 55 92.0
0 56 71.0
0 57 70.0
0 58 75.0
0 59 90.0
0 60 58.0
0 61 79.0
0 62 98.0
0 63 86.0
0 64 88.0
0 65 67.0
0 66 90.0
0 67 87.0
0 68 100.0
0 69 52.0
0 70 82.0
0 71 76.0
0 72 76.0
0 73 59.0
0 74 91.0
0 75 64.0
0 76 63.0
0 77 99.0
0 78 95.0
0 79 53.0
0 80 65.0
0 81 97.0
0 82 76.0
0 83 56.0
0 84 53.0
0 85 67.0
0 86 71.0
0 87 50.0
0 88 92.0
0 89 82.0
0 90 85.0
0 91 100.0
0 92 96.0
0 93 83.0
0 94 91.0
0 95 90.0
0 96 94.0
0 97 57.0
0 98 55.0
0 99 83.0
1 2 75.0
1 3 58.0
1 4 54.0
1 5 52.0
1 6 74.0
1 7 89.0
1 8 54.0
1 9 54.0
1 10 95.0
1 11 51.0
1 12 89.0
1 13 99.0
1 14 89.0
1 15 100.0
1 16 91.0
1 17 72.0
1 18 98.0
1 19 69.0
1 20 70.0
1 21 65.0
1 22 53.0
1 23 91.0
1 24 67.0
1 25 86.0
1 26 66.0
1 27 58.0
1 28 89.0
1 29 85.0
1 30 98.0
1 31 98.0
1 32 54.0
1 33 81.0
1 34 78.0
1 35 56.0
1 36 97.0
1 37 97.0
1 38 64.0
1 39 75.0
1 40 51.0
1 41 86.0
1 42 75.0
1 43 94.0
1 44 65.0
1 45 72.0
1 46 94.0
1 47 62.0
1 48 78.0
1 49 74.0
1 50 84.0
1 51 92.0
1 52 90.0
1 53 53.0
1 54 64.0
1 55 50.0
1 56 59.0
1 57 91.0
1 58 97.0
1 59 86.0
1 60 82.0
1 61 65.0
1 62 53.0
1 63 69.0
1 64 74.0
1 65 78.0
1 66 51.0
1 67 64.0
1 68 52.0
1 69 78.0
1 70 51.0
1 71 77.0
1 72 76.0
1 73 87.0
1 74 54.0
1 75 86.0
1 76 87.0
1 77 90.0
1 78 80.0
1 79 68.0
1 80 81.0
1 81 67.0
1 82 90.0
1 83 83.0
1 84 55.0
1 85 76.0
1 86 77.0
1 87 69.0
1 88 54.0
1 89 50.0
1 90 73.0
1 91 98.0
1 92 67.0
1 93 81.0
1 94 76.0
1 95 83.0
1 96 66.0
1 97 98.0
1 98 94.0
1 99 62.0
2 3 82.0
2 4 99.0
2 5 68.0
2 6 87.0
2 7 67.0
2 8 76.0
2 9 94.0
2 10 85.0
2 11 94.0
2 12 56.0
2 13 76.0
2 14 88.0
2 15 90.0
2 16 87.0
2 17 86.0
2 18 78.0
2 19 64.0
2 20 75.0
2 21 77.0
2 22 50.0
2 23 89.0
2 24 99.0
2 25 50.0
2 26 56.0
2 27 92.0
2 28 98.0
2 29 50.0
2 30 67.0
2 31 82.0
2 32 51.0
2 33 62.0
2 34 65.0
2 35 56.0
2 36 90.0
2 37 92.0
2 38 98.0
2 39 82.0
2 40 75.0
2 41 75.0
2 42 59.0
2 43 86.0
2 44 87.0
2 45 57.0
2 46 90.0
2 47 85.0
2 48 97.0
2 49 73.0
2 50 57.0
2 51 76.0
2 52 65.0
2 53 58.0
2 54 59.0
2 55 76.0
2 56 77.0
2 57 73.0
2 58 55.0
2 59 68.0
2 60 90.0
2 61 66.0
2 62 59.0
2 63 80.0
2 64 93.0
2 65 74.0
2 66 71.0
2 67 81.0
2 68 65.0
2 69 54.0
2 70 60.0
2 71 83.0
2 72 71.0
2 73 63.0
2 74 71.0
2 75 69.0
2 76 52.0
2 77 61.0
2 78 93.0
2 79 50.0
2 80 51.0
2 81 73.0
2 82 86.0
2 83 96.0
2 84 100.0
2 85 62.0
2 86 56.0
2 87 72.0
2 88 92.0
2 89 70.0
2 90 83.0
2 91 71.0
2 92 71.0
2 93 94.0
2 94 83.0
2 95 66.0
2 96 58.0
2 97 80.0
2 98 51.0
2 99 54.0
3 4 72.0
3 5 50.0
3 6 84.0
3 7 77.0
3 8 77.0
3 9 96.0
3 10 61.0
3 11 64.0
3 12 70.0
3 13 94.0
3 14 82.0
3 15 65.0
3 16 99.0
3 17 69.0
3 18 51.0
3 19 64.0
3 20 84.0
3 21 66.0
3 22 82.0
3 23 74.0
3 24 69.0
3 25 73.0
3 26 83.0
3 27 58.0
3 28 58.0
3 29 64.0
3 30 50.0
3 31 95.0
3 32 89.0
3 33 91.0
3 34 60.0
3 35 51.0
3 36 77.0
3 37 97.0
3 38 96.0
3 39 74.0
3 40 66.0
3 41 64.0
3 42 69.0
3 43 92.0
3 44 54.0
3 45 92.0
3 46 52.0
3 47 91.0
3 48 96.0
3 49 58.0
3 50 61.0
3 51 65.0
3 52 85.0
3 53 86.0
3 54 86.0
3 55 87.0
3 56 83.0
3 57 69.0
3 58 52.0
3 59 56.0
3 60 79.0
3 61 56.0
3 62 55.0
3 63 96.0
3 64 88.0
3 65 90.0
3 66 95.0
3 67 78.0
3 68 66.0
3 69 90.0
3 70 52.0
3 71 66.0
3 72 96.0
3 73 52.0
3 74 79.0
3 75 55.0
3 76 93.0
3 77 54.0
3 78 90.0
3 79 63.0
3 80 85.0
3 81 68.0
3 82 76.0
3 83 70.0
3 84 56.0
3 85 91.0
3 86 75.0
3 87 97.0
3 88 67.0
3 89 73.0
3 90 57.0
3 91 87.0
3 92 57.0
3 93 68.0
3 94 77.0
3 95 82.0
3 96 75.0
3 97 52.0
3 98 88.0
3 99 65.0
4 5 64.0
4 6 78.0
4 7 77.0
4 8 51.0
4 9 90.0
4 10 51.0
4 11 52.0
4 12 71.0
4 13 59.0
4 14 71.0
4 15 62.0
4 16 75.0
4 17 88.0
4 18 91.0
4 19 87.0
4 20 96.0
4 21 96.0
4 22 97.0
4 23 91.0
4 24 71.0
4 25 59.0
4 26 81.0
4 27 67.0
4 28 82.0
4 29 68.0
4 30 70.0
4 31 52.0
4 32 59.0
4 33 64.0
4 34 51.0
4 35 88.0
4 36 59.0
4 37 61.0
4 38 76.0
4 39 74.0
4 40 88.0
4 41 63.0
4 42 95.0
4 43 68.0
4 44 93.0
4 45 73.0
4 46 69.0
4 47 81.0
4 48 93.0
4 49 79.0
4 50 61.0
4 51 79.0
4 52 76.0
4 53 54.0
4 54 92.0
4 55 99.0
4 56 89.0
4 57 61.0
4 58 51.0
4 59 82.0
4 60 100.0
4 61 68.0
4 62 99.0
4 63 75.0
4 64 83.0
4 65 51.0
4 66 55.0
4 67 93.0
4 68 63.0
4 69 62.0
4 70 84.0
4 71 75.0
4 72 52.0
4 73 88.0
4 74 91.0
4 75 85.0
4 76 96.0
4 77 52.0
4 78 100.0
4 79 93.0
4 80 90.0
4 81 57.0
4 82 91.0
4 83 83.0
4 84 97.0
4 85 92.0
4 86 83.0
4 87 57.0
4 88 94.0
4 89 98.0
4 90 92.0
4 91 71.0
4 92 67.0
4 93 77.0
4 94 65.0
4 95 63.0
4 96 92.0
4 97 80.0
4 98 64.0
4 99 92.0
5 6 87.0
5 7 67.0
5 8 90.0
5 9 57.0
5 10 61.0
5 11 67.0
5 12 92.0
5 13 94.0
5 14 66.0
5 15 75.0
5 16 91.0
5 17 77.0
5 18 60.0
5 19 73.0
5 20 82.0
5 21 65.0
5 22 69.0
5 23 76.0
5 24 60.0
5 25 77.0
5 26 79.0
5 27 78.0
5 28 80.0
5 29 60.0
5 30 84.0
5 31 56.0
5 32 68.0
5 33 65.0
5 34 55.0
5 35 71.0
5 36 85.0
5 37 90.0
5 38 99.0
5 39 75.0
5 40 71.0
5 41 75.0
5 42 54.0
5 43 53.0
5 44 78.0
5 45 81.0
5 46 52.0
5 47 50.0
5 48 58.0
5 49 60.0
5 50 78.0
5 51 73.0
5 52 94.0
5 53 86.0
5 54 67.0
5 55 75.0
5 56 81.0
5 57 82.0
5 58 94.0
5 59 87.0
5 60 92.0
5 61 55.0
5 62 67.0
5 63 61.0
5 64 72.0
5 65 77.0
5 66 71.0
5 67 51.0
5 68 87.0
5 69 64.0
5 70 98.0
5 71 93.0
5 72 88.0
5 73 53.0
5 74 79.0
5 75 79.0
5 76 94.0
5 77 54.0
5 78 81.0
5 79 88.0
5 80 62.0
5 81 87.0
5 82 77.0
5 83 77.0
5 84 58.0
5 85 65.0
5 86 77.0
5 87 59.0
5 88 86.0
5 89 63.0
5 90 62.0
5 91 59.0
5 92 83.0
5 93 60.0
5 94 67.0
5 95 94.0
5 96 58.0
5 97 62.0
5 98 66.0
5 99 95.0
6 7 88.0
6 8 57.0
6 9 76.0
6 10 67.0
6 11 80.0
6 12 74.0
6 13 62.0
6 14 77.0
6 15 62.0
6 16 96.0
6 17 78.0
6 18 75.0
6 19 71.0
6 20 53.0
6 21 93.0
6 22 77.0
6 23 80.0
6 24 93.0
6 25 58.0
6 26 96.0
6 27 96.0
6 28 58.0
6 29 93.0
6 30 73.0
6 31 98.0
6 32 91.0
6 33 72.0
6 34 76.0
6 35 97.0
6 36 83.0
6 37 62.0
6 38 64.0
6 39 66.0
6 40 69.0
6 41 80.0
6 42 52.0
6 43 92.0
6 44 58.0
6 45 66.0
6 46 56.0
6 47 96.0
6 48 91.0
6 49 77.0
6 50 62.0
6 51 53.0
6 52 93.0
6 53 89.0
6 54 64.0
6 55 88.0
6 56 97.0
6 57 50.0
6 58 74.0
6 59 93.0
6 60 70.0
6 61 99.0
6 62 83.0
6 63 76.0
6 64 70.0
6 65 75.0
6 66 52.0
6 67 54.0
6 68 83.0
6 69 88.0
6 70 69.0
6 71 79.0
6 72 66.0
6 73 83.0
6 74 93.0
6 75 81.0
6 76 73.0
6 77 79.0
6 78 66.0
6 79 84.0
6 80 100.0
6 81 89.0
6 82 52.0
6 83 60.0
6 84 62.0
6 85 91.0
6 86 76.0
6 87 84.0
6 88 80.0
6 89 58.0
6 90 99.0
6 91 70.0
6 92 92.0
6 93 91.0
6 94 69.0
6 95 91.0
6 96 78.0
6 97 94.0
6 98 87.0
6 99 67.0
7 8 71.0
7 9 100.0
7 10 71.0
7 11 73.0
7 12 65.0
7 13 94.0
7 14 65.0
7 15 95.0
7 16 75.0
7 17 60.0
7 18 63.0
7 19 59.0
7 20 52.0
7 21 51.0
7 22 87.0
7 23 72.0
7 24 100.0
7 25 70.0
7 26 80.0
7 27 52.0
7 28 94.0
7 29 58.0
7 30 95.0
7 31 50.0
7 32 71.0
7 33 55.0
7 34 83.0
7 35 70.0
7 36 57.0
7 37 67.0
7 38 58.0
7 39 62.0
7 40 85.0
7 41 82.0
7 42 72.0
7 43 51.0
7 44 84.0
7 45 66.0
7 46 99.0
7 47 78.0
7 48 50.0
7 49 77.0
7 50 76.0
7 51 54.0
7 52 78.0
7 53 51.0
7 54 53.0
7 55 67.0
7 56 67.0
7 57 98.0
7 58 89.0
7 59 100.0
7 60 76.0
7 61 90.0
7 62 74.0
7 63 69.0
7 64 99.0
7 65 73.0
7 66 95.0
7 67 100.0
7 68 92.0
7 69 81.0
7 70 87.0
7 71 66.0
7 72 91.0
7 73 89.0
7 74 68.0
7 75 94.0
7 76 58.0
7 77 90.0
7 78 67.0
7 79 66.0
7 80 57.0
7 81 86.0
7 82 65.0
7 83 70.0
7 84 62.0
7 85 90.0
7 86 83.0
7 87 64.0
7 88 66.0
7 89 51.0
7 90 50.0
7 91 83.0
7 92 53.0
7 93 60.0
7 94 82.0
7 95 78.0
7 96 92.0
7 97 72.0
7 98 52.0
7 99 77.0
8 9 79.0
8 10 79.0
8 11 75.0
8 12 73.0
8 13 73.0
8 14 66.0
8 15 75.0
8 16 98.0
8 17 63.0
8 18 74.0
8 19 89.0
8 20 70.0
8 21 77.0
8 22 91.0
8 23 100.0
8 24 86.0
8 25 74.0
8 26 96.0
8 27 60.0
8 28 96.0
8 29 79.0
8 30 66.0
8 31 94.0
8 32 85.0
8 33 78.0
8 34 63.0
8 35 100.0
8 36 64.0
8 37 81.0
8 38 88.0
8 39 90.0
8 40 56.0
8 41 88.0
8 42 92.0
8 43 50.0
8 44 91.0
8 45 61.0
8 46 85.0
8 47 63.0
8 48 69.0
8 49 73.0
8 50 95.0
8 51 72.0
8 52 89.0
8 53 58.0
8 54 69.0
8 55 51.0
8 56 98.0
8 57 97.0
8 58 97.0
8 59 90.0
8 60 79.0
8 61 60.0
8 62 70.0
8 63 84.0
8 64 55.0
8 65 84.0
8 66 88.0
8 67 64.0
8 68 85.0
8 69 80.0
8 70 90.0
8 71 58.0
8 72 91.0
8 73 86.0
8 74 53.0
8 75 65.0
8 76 75.0
8 77 96.0
8 78 51.0
8 79 77.0
8 80 83.0
8 81 88.0
8 82 98.0
8 83 94.0
8 84 91.0
8 85 76.0
8 86 93.0
8 87 56.0
8 88 55.0
8 89 72.0
8 90 98.0
8 91 61.0
8 92 96.0
8 93 68.0
8 94 80.0
8 95 98.0
8 96 59.0
8 97 55.0
8 98 86.0
8 99 63.0
9 10 75.0
9 11 91.0
9 12 93.0
9 13 100.0
9 14 62.0
9 15 90.0
9 16 95.0
9 17 83.0
9 18 70.0
9 19 96.0
9 20 51.0
9 21 59.0
9 22 59.0
9 23 66.0
9 24 59.0
9 25 51.0
9 26 51.0
9 27 57.0
9 28 73.0
9 29 78.0
9 30 54.0
9 31 86.0
9 32 97.0
9 33 78.0
9 34 90.0
9 35 98.0
9 36 59.0
9 37 61.0
9 38 52.0
9 39 83.0
9 40 57.0
9 41 90.0
9 42 63.0
9 43 76.0
9 44 73.0
9 45 54.0
9 46 60.0
9 47 95.0
9 48 64.0
9 49 70.0
9 50 54.0
9 51 84.0
9 52 72.0
9 53 82.0
9 54 51.0
9 55 92.0
9 56 76.0
9 57 69.0
9 58 79.0
9 59 96.0
9 60 51.0
9 61 68.0
9 62 70.0
9 63 50.0
9 64 82.0
9 65 84.0
9 66 95.0
9 67 66.0
9 68 94.0
9 69 68.0
9 70 61.0
9 71 56.0
9 72 99.0
9 73 54.0
9 74 68.0
9 75 70.0
9 76 99.0
9 77 71.0
9 78 81.0
9 79 58.0
9 80 81.0
9 81 88.0
9 82 95.0
9 83 100.0
9 84 76.0
9 85 58.0
9 86 92.0
9 87 68.0
9 88 67.0
9 89 79.0
9 90 76.0
9 91 53.0
9 92 56.0
9 93 98.0
9 94 51.0
9 95 88.0
9 96 50.0
9 97 95.0
9 98 94.0
9 99 67.0
10 11 64.0
10 12 99.0
10 13 92.0
10 14 75.0
10 15 61.0
10 16 63.0
10 17 94.0
10 18 77.0
10 19 58.0
10 20 51.0
10 21 61.0
10 22 70.0
10 23 85.0
10 24 54.0
10 25 91.0
10 26 95.0
10 27 92.0
10 28 66.0
10 29 66.0
10 30 74.0
10 31 50.0
10 32 55.0
10 33 59.0
10 34 60.0
10 35 68.0
10 36 64.0
10 37 78.0
10 38 60.0
10 39 67.0
10 40 99.0
10 41 70.0
10 42 84.0
10 43 79.0
10 44 85.0
10 45 87.0
10 46 74.0
10 47 76.0
10 48 70.0
10 49 63.0
10 50 98.0
10 51 96.0
10 52 52.0
10 53 70.0
10 54 63.0
10 55 53.0
10 56 82.0
10 57 91.0
10 58 78.0
10 59 71.0
10 60 66.0
10 61 59.0
10 62 51.0
10 63 89.0
10 64 77.0
10 65 73.0
10 66 75.0
10 67 65.0
10 68 89.0
10 69 51.0
10 70 50.0
10 71 61.0
10 72 63.0
10 73 95.0
10 74 58.0
10 75 66.0
10 76 57.0
10 77 96.0
10 78 79.0
10 79 93.0
10 80 62.0
10 81 51.0
10 82 95.0
10 83 87.0
10 84 75.0
10 85 78.0
10 86 96.0
10 87 79.0
10 88 93.0
10 89 99.0
10 90 55.0
10 91 91.0
10 92 71.0
10 93 72.0
10 94 52.0
10 95 52.0
10 96 61.0
10 97 77.0
10 98 81.0
10 99 51.0
11 12 95.0
11 13 61.0
11 14 85.0
11 15 78.0
11 16 70.0
11 17 61.0
11 18 98.0
11 19 53.0
11 20 64.0
11 21 60.0
11 22 62.0
11 23 52.0
11 24 65.0
11 25 96.0
11 26 91.0
11 27 89.0
11 28 76.0
11 29 86.0
11 30 92.0
11 31 73.0
11 32 72.0
11 33 62.0
11 34 51.0
11 35 69.0
11 36 75.0
11 37 88.0
11 38 88.0
11 39 79.0
11 40 65.0
11 41 81.0
11 42 60.0
11 43 79.0
11 44 51.0
11 45 97.0
11 46 62.0
11 47 89.0
11 48 91.0
11 49 68.0
11 50 96.0
11 51 89.0
11 52 89.0
11 53 92.0
11 54 78.0
11 55 78.0
11 56 65.0
11 57 95.0
11 58 50.0
11 59 66.0
11 60 51.0
11 61 87.0
11 62 90.0
11 63 50.0
11 64 61.0
11 65 63.0
11 66 99.0
11 67 84.0
11 68 56.0
11 69 53.0
11 70 91.0
11 71 100.0
11 72 63.0
11 73 60.0
11 74 92.0
11 75 62.0
11 76 71.0
11 77 60.0
11 78 52.0
11 79 54.0
11 80 74.0
11 81 89.0
11 82 80.0
11 83 63.0
11 84 98.0
11 85 62.0
11 86 95.0
11 87 78.0
11 88 54.0
11 89 53.0
11 90 69.0
11 91 92.0
11 92 67.0
11 93 76.0
11 94 58.0
11 95 88.0
11 96 84.0
11 97 79.0
11 98 77.0
11 99 95.0
12 13 81.0
12 14 92.0
12 15 56.0
12 16 66.0
12 17 80.0
12 18 83.0
12 19 83.0
12 20 69.0
12 21 96.0
12 22 59.0
12 23 88.0
12 24 65.0
12 25 59.0
12 26 53.0
12 27 74.0
12 28 58.0
12 29 58.0
12 30 89.0
12 31 81.0
12 32 59.0
12 33 98.0
12 34 88.0
12 35 50.0
12 36 60.0
12 37 95.0
12 38 52.0
12 39 85.0
12 40 100.0
12 41 84.0
12 42 61.0
12 43 90.0
12 44 99.0
12 45 84.0
12 46 56.0
12 47 93.0
12 48 69.0
12 49 75.0
12 50 73.0
12 51 72.0
12 52 78.0
12 53 91.0
12 54 90.0
12 55 91.0
12 56 53.0
12 57 76.0
12 58 73.0
12 59 77.0
12 60 93.0
12 61 65.0
12 62 58.0
12 63 90.0
12 64 61.0
12 65 68.0
12 66 81.0
12 67 93.0
12 68 91.0
12 69 99.0
12 70 96.0
12 71 99.0
12 72 95.0
12 73 76.0
12 74 83.0
12 75 95.0
12 76 68.0
12 77 86.0
12 78 55.0
12 79 80.0
12 80 68.0
12 81 53.0
12 82 83.0
12 83 92.0
12 84 58.0
12 85 52.0
12 86 82.0
12 87 56.0
12 88 89.0
12 89 93.0
12 90 54.0
12 91 62.0
12 92 70.0
12 93 78.0
12 94 90.0
12 95 77.0
12 96 68.0
12 97 56.0
12 98 74.0
12 99 98.0
13 14 68.0
13 15 57.0
13 16 76.0
13 17 88.0
13 18 63.0
13 19 57.0
13 20 90.0
13 21 53.0
13 22 82.0
13 23 75.0
13 24 56.0
13 25 85.0
13 26 83.0
13 27 57.0
13 28 87.0
13 29 50.0
13 30 100.0
13 31 69.0
13 32 60.0
13 33 79.0
13 34 98.0
13 35 71.0
13 36 69.0
13 37 97.0
13 38 94.0
13 39 79.0
13 40 68.0
13 41 84.0
13 42 67.0
13 43 94.0
13 44 82.0
13 45 86.0
13 46 79.0
13 47 78.0
13 48 67.0
13 49 91.0
13 50 99.0
13 51 82.0
13 52 87.0
13 53 91.0
13 54 86.0
13 55 75.0
13 56 51.0
13 57 82.0
13 58 65.0
13 59 73.0
13 60 90.0
13 61 51.0
13 62 83.0
13 63 74.0
13 64 85.0
13 65 53.0
13 66 85.0
13 67 57.0
13 68 76.0
13 69 75.0
13 70 91.0
13 71 64.0
13 72 59.0
13 73 82.0
13 74 69.0
13 75 86.0
13 76 89.0
13 77 71.0
13 78 79.0
13 79 56.0
13 80 73.0
13 81 67.0
13 82 82.0
13 83 64.0
13 84 51.0
13 85 63.0
13 86 83.0
13 87 92.0
13 88 79.0
13 89 58.0
13 90 96.0
13 91 82.0
13 92 71.0
13 93 59.0
13 94 50.0
13 95 100.0
13 96 90.0
13 97 77.0
13 98 54.0
13 99 96.0
14 15 96.0
14 16 79.0
14 17 79.0
14 18 95.0
14 19 55.0
14 20 63.0
14 21 89.0
14 22 71.0
14 23 55.0
14 24 64.0
14 25 63.0
14 26 94.0
14 27 54.0
14 28 69.0
14 29 91.0
14 30 57.0
14 31 90.0
14 32 54.0
14 33 72.0
14 34 75.0
14 35 86.0
14 36 53.0
14 37 100.0
14 38 74.0
14 39 98.0
14 40 94.0
14 41 98.0
14 42 54.0
14 43 50.0
14 44 99.0
14 45 66.0
14 46 74.0
14 47 58.0
14 48 90.0
14 49 85.0
14 50 90.0
14 51 68.0
14 52 85.0
14 53 93.0
14 54 70.0
14 55 70.0
14 56 50.0
14 57 58.0
14 58 88.0
14 59 89.0
14 60 77.0
14 61 97.0
14 62 82.0
14 63 66.0
14 64 79.0
14 65 53.0
14 66 52.0
14 67 68.0
14 68 79.0
14 69 61.0
14 70 99.0
14 71 56.0
14 72 78.0
14 73 53.0
14 74 96.0
14 75 67.0
14 76 53.0
14 77 81.0
14 78 54.0
14 79 80.0
14 80 92.0
14 81 87.0
14 82 61.0
14 83 57.0
14 84 59.0
14 85 59.0
14 86 66.0
14 87 64.0
14 88 74.0
14 89 77.0
14 90 63.0
14 91 86.0
14 92 77.0
14 93 75.0
14 94 94.0
14 95 71.0
14 96 82.0
14 97 87.0
14 98 52.0
14 99 51.0
15 16 96.0
15 17 71.0
15 18 82.0
15 19 65.0
15 20 67.0
15 21 100.0
15 22 98.0
15 23 89.0
15 24 50.0
15 25 94.0
15 26 77.0
15 27 97.0
15 28 76.0
15 29 80.0
15 30 76.0
15 31 52.0
15 32 54.0
15 33 75.0
15 34 69.0
15 35 80.0
15 36 92.0
15 37 91.0
15 38 90.0
15 39 88.0
15 40 81.0
15 41 62.0
15 42 62.0
15 43 71.0
15 44 99.0
15 45 72.0
15 46 99.0
15 47 98.0
15 48 73.0
15 49 60.0
15 50 60.0
15 51 55.0
15 52 76.0
15 53 86.0
15 54 69.0
15 55 94.0
15 56 71.0
15 57 67.0
15 58 72.0
15 59 83.0
15 60 68.0
15 61 92.0
15 62 93.0
15 63 66.0
15 64 88.0
15 65 70.0
15 66 60.0
15 67 59.0
15 68 51.0
15 69 82.0
15 70 69.0
15 71 70.0
15 72 64.0
15 73 50.0
15 74 68.0
15 75 64.0
15 76 97.0
15 77 68.0
15 78 54.0
15 79 60.0
15 80 57.0
15 81 89.0
15 82 98.0
15 83 81.0
15 84 83.0
15 85 67.0
15 86 97.0
15 87 87.0
15 88 100.0
15 89 86.0
15 90 83.0
15 91 71.0
15 92 77.0
15 93 52.0
15 94 77.0
15 95 73.0
15 96 99.0
15 97 70.0
15 98 99.0
15 99 54.0
16 17 84.0
16 18 80.0
16 19 65.0
16 20 55.0
16 21 65.0
16 22 52.0
16 23 50.0
16 24 71.0
16 25 58.0
16 26 96.0
16 27 51.0
16 28 81.0
16 29 74.0
16 30 86.0
16 31 54.0
16 32 94.0
16 33 92.0
16 34 92.0
16 35 55.0
16 36 84.0
16 37 75.0
16 38 62.0
16 39 81.0
16 40 73.0
16 41 86.0
16 42 77.0
16 43 62.0
16 44 97.0
16 45 76.0
16 46 58.0
16 47 84.0
16 48 79.0
16 49 50.0
16 50 65.0
16 51 94.0
16 52 50.0
16 53 87.0
16 54 79.0
16 55 100.0
16 56 59.0
16 57 81.0
16 58 56.0
16 59 70.0
16 60 89.0
16 61 83.0
16 62 58.0
16 63 51.0
16 64 77.0
16 65 97.0
16 66 75.0
16 67 64.0
16 68 83.0
16 69 86.0
16 70 62.0
16 71 72.0
16 72 74.0
16 73 83.0
16 74 61.0
16 75 93.0
16 76 54.0
16 77 57.0
16 78 52.0
16 79 54.0
16 80 68.0
16 81 82.0
16 82 57.0
16 83 60.0
16 84 76.0
16 85 100.0
16 86 59.0
16 87 78.0
16 88 97.0
16 89 51.0
16 90 52.0
16 91 86.0
16 92 91.0
16 93 68.0
16 94 73.0
16 95 94.0
16 96 67.0
16 97 91.0
16 98 83.0
16 99 77.0
17 18 99.0
17 19 73.0
17 20 81.0
17 21 58.0
17 22 90.0
17 23 66.0
17 24 62.0
17 25 83.0
17 26 99.0
17 27 77.0
17 28 93.0
17 29 65.0
17 30 70.0
17 31 94.0
17 32 53.0
17 33 62.0
17 34 88.0
17 35 58.0
17 36 55.0
17 37 64.0
17 38 68.0
17 39 94.0
17 40 67.0
17 41 87.0
17 42 67.0
17 43 89.0
17 44 74.0
17 45 98.0
17 46 87.0
17 47 91.0
17 48 94.0
17 49 53.0
17 50 57.0
17 51 97.0
17 52 87.0
17 53 69.0
17 54 54.0
17 55 63.0
17 56 69.0
17 57 88.0
17 58 88.0
17 59 76.0
17 60 73.0
17 61 52.0
17 62 65.0
17 63 86.0
17 64 67.0
17 65 53.0
17 66 70.0
17 67 61.0
17 68 89.0
17 69 95.0
17 70 71.0
17 71 81.0
17 72 63.0
17 73 57.0
17 74 82.0
17 75 57.0
17 76 54.0
17 77 58.0
17 78 60.0
17 79 78.0
17 80 83.0
17 81 64.0
17 82 83.0
17 83 79.0
17 84 70.0
17 85 83.0
17 86 61.0
17 87 97.0
17 88 82.0
17 89 63.0
17 90 89.0
17 91 51.0
17 92 53.0
17 93 81.0
17 94 95.0
17 95 58.0
17 96 73.0
17 97 51.0
17 98 74.0
17 99 70.0
18 19 62.0
18 20 80.0
18 21 69.0
18 22 91.0
18 23 84.0
18 24 86.0
18 25 66.0
18 26 51.0
18 27 90.0
18 28 83.0
18 29 69.0
18 30 76.0
18 31 94.0
18 32 68.0
18 33 69.0
18 34 76.0
18 35 81.0
18 36 76.0
18 37 81.0
18 38 89.0
18 39 57.0
18 40 89.0
18 41 56.0
18 42 87.0
18 43 95.0
18 44 96.0
18 45 85.0
18 46 81.0
18 47 81.0
18 48 67.0
18 49 90.0
18 50 60.0
18 51 97.0
18 52 96.0
18 53 81.0
18 54 50.0
18 55 85.0
18 56 84.0
18 57 77.0
18 58 62.0
18 59 76.0
18 60 93.0
18 61 66.0
18 62 98.0
18 63 90.0
18 64 77.0
18 65 88.0
18 66 87.0
18 67 51.0
18 68 52.0
18 69 100.0
18 70 89.0
18 71 83.0
18 72 76.0
18 73 86.0
18 74 64.0
18 75 72.0
18 76 64.0
18 77 86.0
18 78 94.0
18 79 52.0
18 80 62.0
18 81 79.0
18 82 74.0
18 83 56.0
18 84 67.0
18 85 76.0
18 86 96.0
18 87 66.0
18 88 61.0
18 89 100.0
18 90 94.0
18 91 100.0
18 92 82.0
18 93 52.0
18 94 53.0
18 95 77.0
18 96 53.0
18 97 83.0
18 98 92.0
18 99 77.0
19 20 50.0
19 21 72.0
19 22 70.0
19 23 71.0
19 24 69.0
19 25 75.0
19 26 92.0
19 27 60.0
19 28 96.0
19 29 87.0
19 30 50.0
19 31 81.0
19 32 65.0
19 33 87.0
19 34 51.0
19 35 72.0
19 36 68.0
19 37 53.0
19 38 54.0
19 39 96.0
19 40 83.0
19 41 98.0
19 42 78.0
19 43 61.0
19 44 95.0
19 45 66.0
19 46 82.0
19 47 63.0
19 48 56.0
19 49 64.0
19 50 95.0
19 51 80.0
19 52 82.0
19 53 57.0
19 54 88.0
19 55 63.0
19 56 53.0
19 57 66.0
19 58 91.0
19 59 77.0
19 60 96.0
19 61 78.0
19 62 64.0
19 63 94.0
19 64 86.0
19 65 55.0
19 66 92.0
19 67 77.0
19 68 95.0
19 69 75.0
19 70 88.0
19 71 78.0
19 72 55.0
19 73 65.0
19 74 61.0
19 75 94.0
19 76 70.0
19 77 73.0
19 78 57.0
19 79 76.0
19 80 93.0
19 81 67.0
19 82 99.0
19 83 92.0
19 84 51.0
19 85 53.0
19 86 91.0
19 87 64.0
19 88 57.0
19 89 80.0
19 90 57.0
19 91 93.0
19 92 56.0
19 93 84.0
19 94 89.0
19 95 82.0
19 96 86.0
19 97 75.0
19 98 95.0
19 99 57.0
20 21 84.0
20 22 65.0
20 23 73.0
20 24 60.0
20 25 97.0
20 26 63.0
20 27 61.0
20 28 95.0
20 29 97.0
20 30 61.0
20 31 84.0
20 32 93.0
20 33 94.0
20 34 50.0
20 35 97.0
20 36 64.0
20 37 83.0
20 38 61.0
20 39 92.0
20 40 51.0
20 41 64.0
20 42 66.0
20 43 97.0
20 44 99.0
20 45 99.0
20 46 86.0
20 47 58.0
20 48 85.0
20 49 77.0
20 50 66.0
20 51 86.0
20 52 75.0
20 53 99.0
20 54 83.0
20 55 90.0
20 56 88.0
20 57 63.0
20 58 96.0
20 59 97.0
20 60 82.0
20 61 55.0
20 62 78.0
20 63 80.0
20 64 71.0
20 65 58.0
20 66 58.0
20 67 95.0
20 68 66.0
20 69 98.0
20 70 69.0
20 71 65.0
20 72 55.0
20 73 86.0
20 74 75.0
20 75 63.0
20 76 73.0
20 77 55.0
20 78 57.0
20 79 66.0
20 80 100.0
20 81 99.0
20 82 87.0
20 83 82.0
20 84 50.0
20 85 83.0
20 86 83.0
20 87 54.0
20 88 96.0
20 89 87.0
20 90 63.0
20 91 51.0
20 92 70.0
20 93 62.0
20 94 68.0
20 95 98.0
20 96 50.0
20 97 95.0
20 98 86.0
20 99 96.0
21 22 93.0
21 23 97.0
21 24 52.0
21 25 54.0
21 26 91.0
21 27 76.0
21 28 56.0
21 29 100.0
21 30 75.0
21 31 86.0
21 32 54.0
21 33 70.0
21 34 67.0
21 35 76.0
21 36 54.0
21 37 54.0
21 38 91.0
21 39 71.0
21 40 63.0
21 41 58.0
21 42 79.0
21 43 81.0
21 44 83.0
21 45 77.0
21 46 62.0
21 47 85.0
21 48 83.0
21 49 73.0
21 50 72.0
21 51 92.0
21 52 50.0
21 53 98.0
21 54 83.0
21 55 81.0
21 56 54.0
21 57 79.0
21 58 64.0
21 59 60.0
21 60 66.0
21 61 54.0
21 62 57.0
21 63 68.0
21 64 79.0
21 65 60.0
21 66 91.0
21 67 73.0
21 68 94.0
21 69 84.0
21 70 58.0
21 71 95.0
21 72 59.0
21 73 74.0
21 74 71.0
21 75 72.0
21 76 62.0
21 77 93.0
21 78 90.0
21 79 87.0
21 80 64.0
21 81 72.0
21 82 100.0
21 83 76.0
21 84 76.0
21 85 99.0
21 86 98.0
21 87 92.0
21 88 90.0
21 89 60.0
21 90 77.0
21 91 94.0
21 92 99.0
21 93 96.0
21 94 68.0
21 95 78.0
21 96 54.0
21 97 66.0
21 98 77.0
21 99 90.0
22 23 62.0
22 24 96.0
22 25 81.0
22 26 89.0
22 27 83.0
22 28 94.0
22 29 67.0
22 30 99.0
22 31 88.0
22 32 53.0
22 33 71.0
22 34 83.0
22 35 58.0
22 36 91.0
22 37 79.0
22 38 77.0
22 39 68.0
22 40 65.0
22 41 87.0
22 42 89.0
22 43 83.0
22 44 59.0
22 45 55.0
22 46 95.0
22 47 95.0
22 48 57.0
22 49 89.0
22 50 83.0
22 51 56.0
22 52 59.0
22 53 80.0
22 54 98.0
22 55 76.0
22 56 85.0
22 57 84.0
22 58 70.0
22 59 60.0
22 60 56.0
22 61 95.0
22 62 69.0
22 63 91.0
22 64 67.0
22 65 69.0
22 66 54.0
22 67 89.0
22 68 91.0
22 69 54.0
22 70 52.0
22 71 98.0
22 72 54.0
22 73 84.0
22 74 79.0
22 75 98.0
22 76 67.0
22 77 81.0
22 78 80.0
22 79 84.0
22 80 55.0
22 81 85.0
22 82 58.0
22 83 62.0
22 84 57.0
22 85 51.0
22 86 85.0
22 87 84.0
22 88 57.0
22 89 71.0
22 90 90.0
22 91 85.0
22 92 64.0
22 93 73.0
22 94 84.0
22 95 56.0
22 96 98.0
22 97 79.0
22 98 56.0
22 99 96.0
23 24 76.0
23 25 72.0
23 26 53.0
23 27 96.0
23 28 60.0
23 29 95.0
23 30 77.0
23 31 52.0
23 32 55.0
23 33 64.0
23 34 98.0
23 35 51.0
23 36 90.0
23 37 100.0
23 38 91.0
23 39 73.0
23 40 98.0
23 41 89.0
23 42 60.0
23 43 85.0
23 44 54.0
23 45 73.0
23 46 62.0
23 47 74.0
23 48 89.0
23 49 95.0
23 50 80.0
23 51 61.0
23 52 54.0
23 53 81.0
23 54 72.0
23 55 80.0
23 56 82.0
23 57 56.0
23 58 66.0
23 59 100.0
23 60 54.0
23 61 86.0
23 62 73.0
23 63 54.0
23 64 73.0
23 65 100.0
23 66 62.0
23 67 55.0
23 68 85.0
23 69 54.0
23 70 98.0
23 71 72.0
23 72 80.0
23 73 88.0
23 74 76.0
23 75 72.0
23 76 92.0
23 77 90.0
23 78 65.0
23 79 82.0
23 80 76.0
23 81 95.0
23 82 91.0
23 83 69.0
23 84 56.0
23 85 95.0
23 86 67.0
23 87 64.0
23 88 88.0
23 89 87.0
23 90 72.0
23 91 61.0
23 92 77.0
23 93 73.0
23 94 52.0
23 95 71.0
23 96 68.0
23 97 94.0
23 98 91.0
23 99 55.0
24 25 68.0
24 26 93.0
24 27 89.0
24 28 51.0
24 29 57.0
24 30 73.0
24 31 87.0
24 32 50.0
24 33 59.0
24 34 88.0
24 35 92.0
24 36 51.0
24 37 59.0
24 38 94.0
24 39 52.0
24 40 93.0
24 41 84.0
24 42 93.0
24 43 71.0
24 44 63.0
24 45 56.0
24 46 67.0
24 47 59.0
24 48 98.0
24 49 77.0
24 50 55.0
24 51 72.0
24 52 86.0
24 53 66.0
24 54 62.0
24 55 63.0
24 56 58.0
24 57 89.0
24 58 86.0
24 59 55.0
24 60 86.0
24 61 51.0
24 62 81.0
24 63 56.0
24 64 79.0
24 65 69.0
24 66 82.0
24 67 70.0
24 68 69.0
24 69 89.0
24 70 78.0
24 71 51.0
24 72 60.0
24 73 60.0
24 74 97.0
24 75 66.0
24 76 60.0
24 77 81.0
24 78 94.0
24 79 78.0
24 80 53.0
24 81 73.0
24 82 66.0
24 83 90.0
24 84 52.0
24 85 98.0
24 86 59.0
24 87 84.0
24 88 54.0
24 89 78.0
24 90 76.0
24 91 51.0
24 92 68.0
24 93 87.0
24 94 67.0
24 95 76.0
24 96 71.0
24 97 70.0
24 98 62.0
24 99 94.0
25 26 78.0
25 27 90.0
25 28 81.0
25 29 79.0
25 30 93.0
25 31 99.0
25 32 100.0
25 33 73.0
25 34 78.0
25 35 52.0
25 36 60.0
25 37 97.0
25 38 67.0
25 39 64.0
25 40 84.0
25 41 54.0
25 42 57.0
25 43 76.0
25 44 100.0
25 45 95.0
25 46 97.0
25 47 67.0
25 48 60.0
25 49 90.0
25 50 90.0
25 51 67.0
25 52 72.0
25 53 77.0
25 54 78.0
25 55 72.0
25 56 62.0
25 57 60.0
25 58 77.0
25 59 69.0
25 60 98.0
25 61 53.0
25 62 89.0
25 63 90.0
25 64 57.0
25 65 90.0
25 66 78.0
25 67 92.0
25 68 80.0
25 69 50.0
25 70 93.0
25 71 87.0
25 72 84.0
25 73 71.0
25 74 70.0
25 75 81.0
25 76 81.0
25 77 57.0
25 78 89.0
25 79 70.0
25 80 83.0
25 81 51.0
25 82 88.0
25 83 86.0
25 84 84.0
25 85 53.0
25 86 70.0
25 87 97.0
25 88 67.0
25 89 71.0
25 90 73.0
25 91 100.0
25 92 73.0
25 93 95.0
25 94 71.0
25 95 69.0
25 96 50.0
25 97 55.0
25 98 50.0
25 99 92.0
26 27 52.0
26 28 96.0
26 29 88.0
26 30 73.0
26 31 82.0
26 32 98.0
26 33 86.0
26 34 69.0
26 35 84.0
26 36 100.0
26 37 73.0
26 38 89.0
26 39 100.0
26 40 93.0
26 41 85.0
26 42 92.0
26 43 53.0
26 44 60.0
26 45 64.0
26 46 90.0
26 47 60.0
26 48 80.0
26 49 100.0
26 50 73.0
26 51 86.0
26 52 87.0
26 53 93.0
26 54 71.0
26 55 83.0
26 56 50.0
26 57 66.0
26 58 82.0
26 59 98.0
26 60 74.0
26 61 88.0
26 62 76.0
26 63 63.0
26 64 69.0
26 65 82.0
26 66 52.0
26 67 99.0
26 68 96.0
26 69 78.0
26 70 94.0
26 71 69.0
26 72 70.0
26 73 93.0
26 74 93.0
26 75 68.0
26 76 70.0
26 77 68.0
26 78 50.0
26 79 99.0
26 80 53.0
26 81 79.0
26 82 59.0
26 83 96.0
26 84 64.0
26 85 79.0
26 86 79.0
26 87 64.0
26 88 58.0
26 89 83.0
26 90 82.0
26 91 75.0
26 92 64.0
26 93 86.0
26 94 56.0
26 95 79.0
26 96 61.0
26 97 66.0
26 98 89.0
26 99 63.0
27 28 61.0
27 29 59.0
27 30 53.0
27 31 70.0
27 32 92.0
27 33 67.0
27 34 92.0
27 35 96.0
27 36 73.0
27 37 91.0
27 38 79.0
27 39 62.0
27 40 69.0
27 41 84.0
27 42 86.0
27 43 82.0
27 44 63.0
27 45 96.0
27 46 54.0
27 47 99.0
27 48 70.0
27 49 96.0
27 50 62.0
27 51 55.0
27 52 92.0
27 53 92.0
27 54 99.0
27 55 53.0
27 56 97.0
27 57 79.0
27 58 74.0
27 59 90.0
27 60 61.0
27 61 52.0
27 62 75.0
27 63 95.0
27 64 54.0
27 65 71.0
27 66 79.0
27 67 62.0
27 68 92.0
27 69 51.0
27 70 65.0
27 71 60.0
27 72 84.0
27 73 70.0
27 74 66.0
27 75 58.0
27 76 67.0
27 77 64.0
27 78 96.0
27 79 75.0
27 80 54.0
27 81 92.0
27 82 60.0
27 83 79.0
27 84 94.0
27 85 87.0
27 86 89.0
27 87 68.0
27 88 92.0
27 89 98.0
27 90 74.0
27 91 59.0
27 92 83.0
27 93 97.0
27 94 54.0
27 95 92.0
27 96 93.0
27 97 80.0
27 98 93.0
27 99 98.0
28 29 69.0
28 30 53.0
28 31 72.0
28 32 68.0
28 33 67.0
28 34 98.0
28 35 87.0
28 36 98.0
28 37 52.0
28 38 51.0
28 39 52.0
28 40 76.0
28 41 88.0
28 42 71.0
28 43 70.0
28 44 76.0
28 45 83.0
28 46 74.0
28 47 90.0
28 48 56.0
28 49 50.0
28 50 95.0
28 51 76.0
28 52 94.0
28 53 66.0
28 54 98.0
28 55 71.0
28 56 86.0
28 57 57.0
28 58 63.0
28 59 100.0
28 60 71.0
28 61 86.0
28 62 84.0
28 63 53.0
28 64 63.0
28 65 71.0
28 66 56.0
28 67 55.0
28 68 53.0
28 69 71.0
28 70 50.0
28 71 89.0
28 72 81.0
28 73 52.0
28 74 53.0
28 75 64.0
28 76 89.0
28 77 80.0
28 78 92.0
28 79 56.0
28 80 53.0
28 81 98.0
28 82 72.0
28 83 78.0
28 84 69.0
28 85 80.0
28 86 55.0
28 87 97.0
28 88 75.0
28 89 75.0
28 90 51.0
28 91 100.0
28 92 97.0
28 93 81.0
28 94 94.0
28 95 98.0
28 96 100.0
28 97 69.0
28 98 52.0
28 99 84.0
29 30 73.0
29 31 58.0
29 32 60.0
29 33 76.0
29 34 86.0
29 35 100.0
29 36 63.0
29 37 87.0
29 38 83.0
29 39 89.0
29 40 61.0
29 41 56.0
29 42 74.0
29 43 81.0
29 44 90.0
29 45 55.0
29 46 64.0
29 47 77.0
29 48 51.0
29 49 57.0
29 50 51.0
29 51 95.0
29 52 67.0
29 53 76.0
29 54 65.0
29 55 100.0
29 56 61.0
29 57 58.0
29 58 94.0
29 59 63.0
29 60 53.0
29 61 68.0
29 62 59.0
29 63 78.0
29 64 96.0
29 65 97.0
29 66 76.0
29 67 100.0
29 68 63.0
29 69 57.0
29 70 66.0
29 71 57.0
29 72 100.0
29 73 64.0
29 74 71.0
29 75 63.0
29 76 59.0
29 77 67.0
29 78 75.0
29 79 51.0
29 80 70.0
29 81 76.0
29 82 97.0
29 83 69.0
29 84 84.0
29 85 90.0
29 86 58.0
29 87 50.0
29 88 66.0
29 89 53.0
29 90 65.0
29 91 75.0
29 92 60.0
29 93 65.0
29 94 62.0
29 95 97.0
29 96 53.0
29 97 58.0
29 98 83.0
29 99 84.0
30 31 86.0
30 32 73.0
30 33 63.0
30 34 73.0
30 35 70.0
30 36 69.0
30 37 66.0
30 38 89.0
30 39 78.0
30 40 77.0
30 41 85.0
30 42 59.0
30 43 86.0
30 44 89.0
30 45 58.0
30 46 91.0
30 47 91.0
30 48 80.0
30 49 59.0
30 50 58.0
30 51 88.0
30 52 78.0
30 53 78.0
30 54 56.0
30 55 96.0
30 56 74.0
30 57 57.0
30 58 91.0
30 59 66.0
30 60 81.0
30 61 67.0
30 62 74.0
30 63 88.0
30 64 63.0
30 65 82.0
30 66 60.0
30 67 91.0
30 68 96.0
30 69 100.0
30 70 85.0
30 71 68.0
30 72 99.0
30 73 52.0
30 74 84.0
30 75 64.0
30 76 87.0
30 77 72.0
30 78 86.0
30 79 58.0
30 80 93.0
30 81 100.0
30 82 52.0
30 83 59.0
30 84 64.0
30 85 85.0
30 86 65.0
30 87 69.0
30 88 64.0
30 89 74.0
30 90 83.0
30 91 94.0
30 92 56.0
30 93 71.0
30 94 52.0
30 95 83.0
30 96 73.0
30 97 98.0
30 98 54.0
30 99 66.0
31 32 60.0
31 33 60.0
31 34 62.0
31 35 95.0
31 36 56.0
31 37 56.0
31 38 86.0
31 39 86.0
31 40 58.0
31 41 63.0
31 42 96.0
31 43 68.0
31 44 82.0
31 45 73.0
31 46 53.0
31 47 63.0
31 48 52.0
31 49 84.0
31 50 87.0
31 51 76.0
31 52 76.0
31 53 77.0
31 54 91.0
31 55 85.0
31 56 98.0
31 57 64.0
31 58 98.0
31 59 63.0
31 60 79.0
31 61 90.0
31 62 89.0
31 63 91.0
31 64 55.0
31 65 51.0
31 66 52.0
31 67 57.0
31 68 66.0
31 69 80.0
31 70 85.0
31 71 100.0
31 72 60.0
31 73 94.0
31 74 62.0
31 75 82.0
31 76 53.0
31 77 86.0
31 78 94.0
31 79 98.0
31 80 88.0
31 81 64.0
31 82 76.0
31 83 58.0
31 84 55.0
31 85 66.0
31 86 99.0
31 87 76.0
31 88 64.0
31 89 80.0
31 90 84.0
31 91 78.0
31 92 70.0
31 93 78.0
31 94 64.0
31 95 81.0
31 96 59.0
31 97 67.0
31 98 91.0
31 99 62.0
32 33 80.0
32 34 54.0
32 35 69.0
32 36 52.0
32 37 92.0
32 38 71.0
32 39 50.0
32 40 58.0
32 41 78.0
32 42 53.0
32 43 84.0
32 44 53.0
32 45 72.0
32 46 76.0
32 47 52.0
32 48 92.0
32 49 97.0
32 50 66.0
32 51 71.0
32 52 86.0
32 53 75.0
32 54 82.0
32 55 94.0
32 56 84.0
32 57 73.0
32 58 88.0
32 59 83.0
32 60 85.0
32 61 91.0
32 62 61.0
32 63 69.0
32 64 90.0
32 65 56.0
32 66 96.0
32 67 99.0
32 68 81.0
32 69 87.0
32 70 67.0
32 71 100.0
32 72 83.0
32 73 66.0
32 74 51.0
32 75 95.0
32 76 72.0
32 77 92.0
32 78 81.0
32 79 66.0
32 80 61.0
32 81 80.0
32 82 55.0
32 83 64.0
32 84 62.0
32 85 77.0
32 86 88.0
32 87 95.0
32 88 68.0
32 89 67.0
32 90 58.0
32 91 86.0
32 92 83.0
32 93 83.0
32 94 58.0
32 95 80.0
32 96 94.0
32 97 96.0
32 98 95.0
32 99 91.0
33 34 91.0
33 35 93.0
33 36 81.0
33 37 88.0
33 38 67.0
33 39 91.0
33 40 98.0
33 41 53.0
33 42 86.0
33 43 59.0
33 44 81.0
33 45 63.0
33 46 95.0
33 47 66.0
33 48 76.0
33 49 76.0
33 50 51.0
33 51 68.0
33 52 74.0
33 53 62.0
33 54 90.0
33 55 85.0
33 56 52.0
33 57 55.0
33 58 50.0
33 59 69.0
33 60 98.0
33 61 96.0
33 62 54.0
33 63 89.0
33 64 76.0
33 65 53.0
33 66 76.0
33 67 66.0
33 68 84.0
33 69 75.0
33 70 91.0
33 71 55.0
33 72 50.0
33 73 55.0
33 74 61.0
33 75 95.0
33 76 77.0
33 77 81.0
33 78 73.0
33 79 78.0
33 80 97.0
33 81 95.0
33 82 51.0
33 83 85.0
33 84 64.0
33 85 55.0
33 86 58.0
33 87 87.0
33 88 57.0
33 89 50.0
33 90 83.0
33 91 100.0
33 92 91.0
33 93 82.0
33 94 74.0
33 95 95.0
33 96 63.0
33 97 65.0
33 98 94.0
33 99 77.0
34 35 85.0
34 36 85.0
34 37 84.0
34 38 62.0
34 39 80.0
34 40 98.0
34 41 81.0
34 42 56.0
34 43 54.0
34 44 77.0
34 45 56.0
34 46 75.0
34 47 76.0
34 48 67.0
34 49 58.0
34 50 67.0
34 51 72.0
34 52 96.0
34 53 94.0
34 54 87.0
34 55 85.0
34 56 78.0
34 57 59.0
34 58 69.0
34 59 85.0
34 60 85.0
34 61 59.0
34 62 78.0
34 63 59.0
34 64 88.0
34 65 80.0
34 66 87.0
34 67 100.0
34 68 62.0
34 69 51.0
34 70 73.0
34 71 92.0
34 72 96.0
34 73 69.0
34 74 77.0
34 75 77.0
34 76 81.0
34 77 60.0
34 78 54.0
34 79 73.0
34 80 84.0
34 81 66.0
34 82 80.0
34 83 80.0
34 84 72.0
34 85 75.0
34 86 90.0
34 87 90.0
34 88 67.0
34 89 67.0
34 90 85.0
34 91 70.0
34 92 51.0
34 93 50.0
34 94 70.0
34 95 65.0
34 96 78.0
34 97 80.0
34 98 76.0
34 99 96.0
35 36 74.0
35 37 69.0
35 38 71.0
35 39 98.0
35 40 99.0
35 41 91.0
35 42 51.0
35 43 79.0
35 44 66.0
35 45 100.0
35 46 53.0
35 47 93.0
35 48 81.0
35 49 50.0
35 50 99.0
35 51 99.0
35 52 99.0
35 53 50.0
35 54 95.0
35 55 90.0
35 56 95.0
35 57 67.0
35 58 64.0
35 59 79.0
35 60 83.0
35 61 97.0
35 62 67.0
35 63 80.0
35 64 89.0
35 65 71.0
35 66 74.0
35 67 65.0
35 68 58.0
35 69 65.0
35 70 62.0
35 71 78.0
35 72 60.0
35 73 62.0
35 74 65.0
35 75 69.0
35 76 72.0
35 77 80.0
35 78 73.0
35 79 76.0
35 80 97.0
35 81 90.0
35 82 66.0
35 83 82.0
35 84 97.0
35 85 58.0
35 86 59.0
35 87 71.0
35 88 75.0
35 89 65.0
35 90 100.0
35 91 70.0
35 92 60.0
35 93 98.0
35 94 55.0
35 95 66.0
35 96 92.0
35 97 82.0
35 98 66.0
35 99 89.0
36 37 64.0
36 38 74.0
36 39 59.0
36 40 54.0
36 41 94.0
36 42 63.0
36 43 54.0
36 44 76.0
36 45 83.0
36 46 52.0
36 47 53.0
36 48 64.0
36 49 83.0
36 50 71.0
36 51 72.0
36 52 50.0
36 53 86.0
36 54 56.0
36 55 90.0
36 56 80.0
36 57 53.0
36 58 57.0
36 59 50.0
36 60 50.0
36 61 59.0
36 62 83.0
36 63 50.0
36 64 81.0
36 65 77.0
36 66 91.0
36 67 51.0
36 68 93.0
36 69 69.0
36 70 60.0
36 71 71.0
36 72 56.0
36 73 97.0
36 74 90.0
36 75 76.0
36 76 63.0
36 77 90.0
36 78 79.0
36 79 78.0
36 80 75.0
36 81 96.0
36 82 73.0
36 83 97.0
36 84 99.0
36 85 92.0
36 86 89.0
36 87 59.0
36 88 71.0
36 89 91.0
36 90 98.0
36 91 83.0
36 92 51.0
36 93 90.0
36 94 100.0
36 95 74.0
36 96 56.0
36 97 99.0
36 98 71.0
36 99 53.0
37 38 90.0
37 39 86.0
37 40 71.0
37 41 86.0
37 42 69.0
37 43 82.0
37 44 70.0
37 45 51.0
37 46 86.0
37 47 68.0
37 48 97.0
37 49 68.0
37 50 72.0
37 51 55.0
37 52 74.0
37 53 84.0
37 54 79.0
37 55 66.0
37 56 70.0
37 57 74.0
37 58 90.0
37 59 80.0
37 60 68.0
37 61 78.0
37 62 72.0
37 63 91.0
37 64 73.0
37 65 91.0
37 66 86.0
37 67 57.0
37 68 56.0
37 69 74.0
37 70 80.0
37 71 70.0
37 72 77.0
37 73 76.0
37 74 90.0
37 75 95.0
37 76 63.0
37 77 65.0
37 78 57.0
37 79 69.0
37 80 75.0
37 81 61.0
37 82 82.0
37 83 92.0
37 84 73.0
37 85 100.0
37 86 74.0
37 87 78.0
37 88 67.0
37 89 52.0
37 90 88.0
37 91 73.0
37 92 77.0
37 93 95.0
37 94 97.0
37 95 59.0
37 96 77.0
37 97 65.0
37 98 75.0
37 99 63.0
38 39 89.0
38 40 65.0
38 41 51.0
38 42 96.0
38 43 83.0
38 44 96.0
38 45 100.0
38 46 97.0
38 47 59.0
38 48 75.0
38 49 94.0
38 50 85.0
38 51 76.0
38 52 81.0
38 53 100.0
38 54 97.0
38 55 94.0
38 56 87.0
38 57 98.0
38 58 54.0
38 59 80.0
38 60 72.0
38 61 99.0
38 62 93.0
38 63 98.0
38 64 53.0
38 65 93.0
38 66 80.0
38 67 93.0
38 68 61.0
38 69 51.0
38 70 72.0
38 71 61.0
38 72 56.0
38 73 56.0
38 74 55.0
38 75 100.0
38 76 59.0
38 77 72.0
38 78 59.0
38 79 89.0
38 80 59.0
38 81 59.0
38 82 96.0
38 83 95.0
38 84 67.0
38 85 67.0
38 86 83.0
38 87 74.0
38 88 76.0
38 89 83.0
38 90 60.0
38 91 77.0
38 92 76.0
38 93 68.0
38 94 53.0
38 95 71.0
38 96 90.0
38 97 67.0
38 98 59.0
38 99 80.0
39 40 66.0
39 41 93.0
39 42 56.0
39 43 51.0
39 44 52.0
39 45 85.0
39 46 94.0
39 47 72.0
39 48 56.0
39 49 57.0
39 50 92.0
39 51 66.0
39 52 73.0
39 53 99.0
39 54 79.0
39 55 90.0
39 56 67.0
39 57 59.0
39 58 95.0
39 59 67.0
39 60 75.0
39 61 88.0
39 62 89.0
39 63 67.0
39 64 79.0
39 65 77.0
39 66 70.0
39 67 94.0
39 68 62.0
39 69 58.0
39 70 99.0
39 71 99.0
39 72 71.0
39 73 52.0
39 74 83.0
39 75 71.0
39 76 91.0
39 77 97.0
39 78 86.0
39 79 77.0
39 80 72.0
39 81 65.0
39 82 82.0
39 83 82.0
39 84 93.0
39 85 64.0
39 86 58.0
39 87 64.0
39 88 92.0
39 89 79.0
39 90 66.0
39 91 70.0
39 92 66.0
39 93 55.0
39 94 94.0
39 95 57.0
39 96 72.0
39 97 87.0
39 98 72.0
39 99 67.0
40 41 51.0
40 42 70.0
40 43 86.0
40 44 53.0
40 45 83.0
40 46 96.0
40 47 64.0
40 48 52.0
40 49 65.0
40 50 95.0
40 51 58.0
40 52 65.0
40 53 67.0
40 54 53.0
40 55 85.0
40 56 85.0
40 57 61.0
40 58 76.0
40 59 55.0
40 60 61.0
40 61 55.0
40 62 57.0
40 63 60.0
40 64 70.0
40 65 66.0
40 66 61.0
40 67 85.0
40 68 76.0
40 69 97.0
40 70 50.0
40 71 51.0
40 72 95.0
40 73 65.0
40 74 53.0
40 75 99.0
40 76 88.0
40 77 69.0
40 78 66.0
40 79 89.0
40 80 58.0
40 81 88.0
40 82 59.0
40 83 77.0
40 84 69.0
40 85 72.0
40 86 70.0
40 87 73.0
40 88 88.0
40 89 96.0
40 90 64.0
40 91 64.0
40 92 85.0
40 93 84.0
40 94 77.0
40 95 69.0
40 96 95.0
40 97 61.0
40 98 55.0
40 99 66.0
41 42 99.0
41 43 72.0
41 44 80.0
41 45 84.0
41 46 73.0
41 47 82.0
41 48 86.0
41 49 63.0
41 50 66.0
41 51 56.0
41 52 77.0
41 53 66.0
41 54 99.0
41 55 89.0
41 56 99.0
41 57 72.0
41 58 51.0
41 59 57.0
41 60 69.0
41 61 79.0
41 62 62.0
41 63 57.0
41 64 59.0
41 65 78.0
41 66 90.0
41 67 99.0
41 68 62.0
41 69 93.0
41 70 99.0
41 71 55.0
41 72 53.0
41 73 63.0
41 74 94.0
41 75 71.0
41 76 79.0
41 77 88.0
41 78 87.0
41 79 79.0
41 80 78.0
41 81 67.0
41 82 92.0
41 83 84.0
41 84 98.0
41 85 95.0
41 86 93.0
41 87 58.0
41 88 56.0
41 89 58.0
41 90 50.0
41 91 97.0
41 92 56.0
41 93 79.0
41 94 84.0
41 95 50.0
41 96 90.0
41 97 80.0
41 98 89.0
41 99 77.0
42 43 62.0
42 44 74.0
42 45 62.0
42 46 74.0
42 47 65.0
42 48 54.0
42 49 100.0
42 50 89.0
42 51 93.0
42 52 64.0
42 53 87.0
42 54 95.0
42 55 70.0
42 56 72.0
42 57 67.0
42 58 94.0
42 59 65.0
42 60 98.0
42 61 100.0
42 62 68.0
42 63 72.0
42 64 81.0
42 65 90.0
42 66 80.0
42 67 63.0
42 68 65.0
42 69 84.0
42 70 72.0
42 71 86.0
42 72 78.0
42 73 62.0
42 74 90.0
42 75 56.0
42 76 97.0
42 77 67.0
42 78 51.0
42 79 54.0
42 80 90.0
42 81 86.0
42 82 67.0
42 83 63.0
42 84 82.0
42 85 53.0
42 86 56.0
42 87 83.0
42 88 70.0
42 89 67.0
42 90 66.0
42 91 78.0
42 92 69.0
42 93 84.0
42 94 70.0
42 95 84.0
42 96 75.0
42 97 77.0
42 98 69.0
42 99 70.0
43 44 70.0
43 45 89.0
43 46 95.0
43 47 56.0
43 48 59.0
43 49 78.0
43 50 78.0
43 51 69.0
43 52 78.0
43 53 67.0
43 54 72.0
43 55 78.0
43 56 69.0
43 57 83.0
43 58 69.0
43 59 72.0
43 60 81.0
43 61 95.0
43 62 90.0
43 63 63.0
43 64 52.0
43 65 74.0
43 66 76.0
43 67 74.0
43 68 66.0
43 69 72.0
43 70 96.0
43 71 63.0
43 72 51.0
43 73 76.0
43 74 53.0
43 75 86.0
43 76 86.0
43 77 56.0
43 78 78.0
43 79 74.0
43 80 74.0
43 81 66.0
43 82 97.0
43 83 88.0
43 84 60.0
43 85 81.0
43 86 100.0
43 87 58.0
43 88 68.0
43 89 87.0
43 90 88.0
43 91 87.0
43 92 57.0
43 93 93.0
43 94 85.0
43 95 80.0
43 96 51.0
43 97 59.0
43 98 88.0
43 99 52.0
44 45 100.0
44 46 83.0
44 47 83.0
44 48 76.0
44 49 55.0
44 50 72.0
44 51 79.0
44 52 100.0
44 53 99.0
44 54 52.0
44 55 56.0
44 56 91.0
44 57 92.0
44 58 87.0
44 59 64.0
44 60 91.0
44 61 64.0
44 62 58.0
44 63 82.0
44 64 68.0
44 65 70.0
44 66 61.0
44 67 97.0
44 68 71.0
44 69 81.0
44 70 50.0
44 71 87.0
44 72 86.0
44 73 70.0
44 74 69.0
44 75 73.0
44 76 94.0
44 77 79.0
44 78 61.0
44 79 50.0
44 80 67.0
44 81 63.0
44 82 90.0
44 83 90.0
44 84 94.0
44 85 95.0
44 86 51.0
44 87 62.0
44 88 77.0
44 89 85.0
44 90 62.0
44 91 99.0
44 92 96.0
44 93 66.0
44 94 92.0
44 95 50.0
44 96 87.0
44 97 93.0
44 98 69.0
44 99 67.0
45 46 76.0
45 47 53.0
45 48 86.0
45 49 78.0
45 50 90.0
45 51 60.0
45 52 80.0
45 53 72.0
45 54 64.0
45 55 83.0
45 56 93.0
45 57 100.0
45 58 74.0
45 59 56.0
45 60 78.0
45 61 52.0
45 62 98.0
45 63 74.0
45 64 99.0
45 65 73.0
45 66 69.0
45 67 75.0
45 68 89.0
45 69 79.0
45 70 79.0
45 71 72.0
45 72 76.0
45 73 58.0
45 74 74.0
45 75 55.0
45 76 90.0
45 77 77.0
45 78 64.0
45 79 100.0
45 80 55.0
45 81 90.0
45 82 86.0
45 83 86.0
45 84 96.0
45 85 67.0
45 86 54.0
45 87 50.0
45 88 87.0
45 89 76.0
45 90 82.0
45 91 86.0
45 92 89.0
45 93 96.0
45 94 53.0
45 95 88.0
45 96 53.0
45 97 64.0
45 98 70.0
45 99 92.0
46 47 86.0
46 48 100.0
46 49 59.0
46 50 76.0
46 51 62.0
46 52 99.0
46 53 69.0
46 54 52.0
46 55 77.0
46 56 76.0
46 57 67.0
46 58 60.0
46 59 73.0
46 60 84.0
46 61 69.0
46 62 62.0
46 63 80.0
46 64 85.0
46 65 55.0
46 66 52.0
46 67 79.0
46 68 64.0
46 69 71.0
46 70 92.0
46 71 63.0
46 72 98.0
46 73 81.0
46 74 83.0
46 75 57.0
46 76 93.0
46 77 53.0
46 78 99.0
46 79 72.0
46 80 73.0
46 81 80.0
46 82 77.0
46 83 66.0
46 84 80.0
46 85 78.0
46 86 57.0
46 87 97.0
46 88 57.0
46 89 85.0
46 90 61.0
46 91 60.0
46 92 81.0
46 93 66.0
46 94 82.0
46 95 99.0
46 96 80.0
46 97 52.0
46 98 62.0
46 99 73.0
47 48 80.0
47 49 97.0
47 50 54.0
47 51 100.0
47 52 94.0
47 53 95.0
47 54 50.0
47 55 68.0
47 56 59.0
47 57 72.0
47 58 66.0
47 59 55.0
47 60 75.0
47 61 72.0
47 62 50.0
47 63 59.0
47 64 63.0
47 65 86.0
47 66 69.0
47 67 56.0
47 68 53.0
47 69 99.0
47 70 51.0
47 71 60.0
47 72 67.0
47 73 66.0
47 74 83.0
47 75 89.0
47 76 99.0
47 77 91.0
47 78 50.0
47 79 67.0
47 80 71.0
47 81 62.0
47 82 84.0
47 83 52.0
47 84 58.0
47 85 69.0
47 86 77.0
47 87 94.0
47 88 50.0
47 89 67.0
47 90 74.0
47 91 52.0
47 92 60.0
47 93 52.0
47 94 78.0
47 95 76.0
47 96 78.0
47 97 55.0
47 98 74.0
47 99 93.0
48 49 78.0
48 50 73.0
48 51 84.0
48 52 96.0
48 53 95.0
48 54 75.0
48 55 92.0
48 56 53.0
48 57 78.0
48 58 78.0
48 59 56.0
48 60 82.0
48 61 80.0
48 62 79.0
48 63 59.0
48 64 55.0
48 65 84.0
48 66 71.0
48 67 97.0
48 68 83.0
48 69 60.0
48 70 92.0
48 71 85.0
48 72 90.0
48 73 57.0
48 74 50.0
48 75 55.0
48 76 50.0
48 77 64.0
48 78 57.0
48 79 69.0
48 80 98.0
48 81 93.0
48 82 85.0
48 83 80.0
48 84 56.0
48 85 79.0
48 86 88.0
48 87 76.0
48 88 81.0
48 89 94.0
48 90 66.0
48 91 87.0
48 92 93.0
48 93 78.0
48 94 84.0
48 95 89.0
48 96 51.0
48 97 74.0
48 98 97.0
48 99 52.0
49 50 50.0
49 51 87.0
49 52 72.0
49 53 90.0
49 54 68.0
49 55 91.0
49 56 62.0
49 57 64.0
49 58 86.0
49 59 94.0
49 60 61.0
49 61 52.0
49 62 72.0
49 63 71.0
49 64 59.0
49 65 80.0
49 66 99.0
49 67 51.0
49 68 94.0
49 69 94.0
49 70 68.0
49 71 96.0
49 72 80.0
49 73 61.0
49 74 87.0
49 75 81.0
49 76 58.0
49 77 88.0
49 78 86.0
49 79 98.0
49 80 84.0
49 81 56.0
49 82 57.0
49 83 66.0
49 84 63.0
49 85 80.0
49 86 52.0
49 87 69.0
49 88 92.0
49 89 66.0
49 90 65.0
49 91 66.0
49 92 100.0
49 93 79.0
49 94 57.0
49 95 70.0
49 96 51.0
49 97 75.0
49 98 68.0
49 99 52.0
50 51 92.0
50 52 58.0
50 53 72.0
50 54 67.0
50 55 100.0
50 56 85.0
50 57 83.0
50 58 79.0
50 59 72.0
50 60 80.0
50 61 65.0
50 62 73.0
50 63 84.0
50 64 56.0
50 65 69.0
50 66 82.0
50 67 50.0
50 68 96.0
50 69 77.0
50 70 55.0
50 71 62.0
50 72 61.0
50 73 63.0
50 74 99.0
50 75 98.0
50 76 77.0
50 77 56.0
50 78 78.0
50 79 70.0
50 80 78.0
50 81 73.0
50 82 73.0
50 83 63.0
50 84 76.0
50 85 58.0
50 86 74.0
50 87 82.0
50 88 99.0
50 89 63.0
50 90 88.0
50 91 73.0
50 92 97.0
50 93 79.0
50 94 83.0
50 95 50.0
50 96 52.0
50 97 75.0
50 98 75.0
50 99 80.0
51 52 64.0
51 53 79.0
51 54 60.0
51 55 75.0
51 56 53.0
51 57 77.0
51 58 87.0
51 59 53.0
51 60 59.0
51 61 87.0
51 62 88.0
51 63 75.0
51 64 74.0
51 65 51.0
51 66 80.0
51 67 89.0
51 68 92.0
51 69 51.0
51 70 88.0
51 71 50.0
51 72 50.0
51 73 100.0
51 74 54.0
51 75 87.0
51 76 88.0
51 77 78.0
51 78 64.0
51 79 68.0
51 80 100.0
51 81 62.0
51 82 90.0
51 83 72.0
51 84 100.0
51 85 90.0
51 86 61.0
51 87 77.0
51 88 64.0
51 89 57.0
51 90 86.0
51 91 61.0
51 92 71.0
51 93 53.0
51 94 86.0
51 95 99.0
51 96 64.0
51 97 51.0
51 98 98.0
51 99 62.0
52 53 65.0
52 54 73.0
52 55 68.0
52 56 81.0
52 57 71.0
52 58 99.0
52 59 77.0
52 60 86.0
52 61 95.0
52 62 78.0
52 63 59.0
52 64 67.0
52 65 77.0
52 66 97.0
52 67 94.0
52 68 89.0
52 69 91.0
52 70 62.0
52 71 64.0
52 72 80.0
52 73 63.0
52 74 78.0
52 75 87.0
52 76 99.0
52 77 97.0
52 78 93.0
52 79 92.0
52 80 53.0
52 81 84.0
52 82 94.0
52 83 54.0
52 84 79.0
52 85 50.0
52 86 62.0
52 87 73.0
52 88 97.0
52 89 73.0
52 90 53.0
52 91 51.0
52 92 64.0
52 93 70.0
52 94 94.0
52 95 99.0
52 96 58.0
52 97 77.0
52 98 54.0
52 99 60.0
53 54 71.0
53 55 92.0
53 56 54.0
53 57 77.0
53 58 68.0
53 59 71.0
53 60 68.0
53 61 80.0
53 62 67.0
53 63 72.0
53 64 71.0
53 65 85.0
53 66 75.0
53 67 63.0
53 68 77.0
53 69 61.0
53 70 70.0
53 71 58.0
53 72 66.0
53 73 81.0
53 74 51.0
53 75 53.0
53 76 74.0
53 77 88.0
53 78 77.0
53 79 74.0
53 80 55.0
53 81 70.0
53 82 60.0
53 83 78.0
53 84 73.0
53 85 65.0
53 86 69.0
53 87 65.0
53 88 67.0
53 89 71.0
53 90 51.0
53 91 56.0
53 92 98.0
53 93 84.0
53 94 98.0
53 95 65.0
53 96 76.0
53 97 52.0
53 98 75.0
53 99 98.0
54 55 98.0
54 56 79.0
54 57 61.0
54 58 95.0
54 59 71.0
54 60 59.0
54 61 95.0
54 62 89.0
54 63 88.0
54 64 55.0
54 65 100.0
54 66 86.0
54 67 75.0
54 68 71.0
54 69 56.0
54 70 91.0
54 71 66.0
54 72 56.0
54 73 90.0
54 74 95.0
54 75 75.0
54 76 100.0
54 77 57.0
54 78 76.0
54 79 51.0
54 80 65.0
54 81 98.0
54 82 93.0
54 83 84.0
54 84 67.0
54 85 71.0
54 86 96.0
54 87 97.0
54 88 72.0
54 89 54.0
54 90 60.0
54 91 64.0
54 92 51.0
54 93 83.0
54 94 94.0
54 95 87.0
54 96 82.0
54 97 70.0
54 98 60.0
54 99 50.0
55 56 76.0
55 57 70.0
55 58 70.0
55 59 62.0
55 60 64.0
55 61 57.0
55 62 73.0
55 63 76.0
55 64 65.0
55 65 50.0
55 66 52.0
55 67 61.0
55 68 83.0
55 69 74.0
55 70 56.0
55 71 53.0
55 72 92.0
55 73 59.0
55 74 71.0
55 75 83.0
55 76 93.0
55 77 55.0
55 78 74.0
55 79 94.0
55 80 57.0
55 81 65.0
55 82 93.0
55 83 78.0
55 84 76.0
55 85 64.0
55 86 85.0
55 87 66.0
55 88 70.0
55 89 68.0
55 90 87.0
55 91 87.0
55 92 70.0
55 93 96.0
55 94 86.0
55 95 89.0
55 96 82.0
55 97 81.0
55 98 65.0
55 99 76.0
56 57 79.0
56 58 73.0
56 59 87.0
56 60 86.0
56 61 64.0
56 62 89.0
56 63 64.0
56 64 81.0
56 65 58.0
56 66 75.0
56 67 56.0
56 68 89.0
56 69 53.0
56 70 97.0
56 71 72.0
56 72 64.0
56 73 77.0
56 74 79.0
56 75 79.0
56 76 52.0
56 77 68.0
56 78 85.0
56 79 68.0
56 80 55.0
56 81 85.0
56 82 92.0
56 83 52.0
56 84 68.0
56 85 94.0
56 86 89.0
56 87 85.0
56 88 55.0
56 89 55.0
56 90 64.0
56 91 61.0
56 92 65.0
56 93 82.0
56 94 69.0
56 95 75.0
56 96 79.0
56 97 53.0
56 98 80.0
56 99 90.0
57 58 94.0
57 59 92.0
57 60 95.0
57 61 87.0
57 62 51.0
57 63 56.0
57 64 75.0
57 65 91.0
57 66 50.0
57 67 92.0
57 68 71.0
57 69 62.0
57 70 77.0
57 71 73.0
57 72 94.0
57 73 80.0
57 74 67.0
57 75 64.0
57 76 96.0
57 77 51.0
57 78 91.0
57 79 84.0
57 80 70.0
57 81 71.0
57 82 95.0
57 83 90.0
57 84 72.0
57 85 81.0
57 86 79.0
57 87 57.0
57 88 61.0
57 89 60.0
57 90 66.0
57 91 99.0
57 92 74.0
57 93 84.0
57 94 83.0
57 95 92.0
57 96 86.0
57 97 89.0
57 98 81.0
57 99 52.0
58 59 57.0
58 60 80.0
58 61 54.0
58 62 58.0
58 63 75.0
58 64 79.0
58 65 74.0
58 66 88.0
58 67 63.0
58 68 76.0
58 69 91.0
58 70 50.0
58 71 89.0
58 72 53.0
58 73 54.0
58 74 53.0
58 75 52.0
58 76 87.0
58 77 64.0
58 78 66.0
58 79 58.0
58 80 84.0
58 81 95.0
58 82 92.0
58 83 81.0
58 84 59.0
58 85 81.0
58 86 77.0
58 87 70.0
58 88 75.0
58 89 62.0
58 90 100.0
58 91 58.0
58 92 89.0
58 93 76.0
58 94 94.0
58 95 98.0
58 96 61.0
58 97 57.0
58 98 87.0
58 99 75.0
59 60 80.0
59 61 95.0
59 62 73.0
59 63 86.0
59 64 80.0
59 65 64.0
59 66 93.0
59 67 61.0
59 68 65.0
59 69 80.0
59 70 91.0
59 71 98.0
59 72 75.0
59 73 68.0
59 74 91.0
59 75 52.0
59 76 87.0
59 77 62.0
59 78 68.0
59 79 90.0
59 80 94.0
59 81 98.0
59 82 69.0
59 83 61.0
59 84 97.0
59 85 84.0
59 86 68.0
59 87 79.0
59 88 82.0
59 89 98.0
59 90 93.0
59 91 53.0
59 92 88.0
59 93 81.0
59 94 91.0
59 95 63.0
59 96 92.0
59 97 86.0
59 98 64.0
59 99 95.0
60 61 76.0
60 62 74.0
60 63 52.0
60 64 84.0
60 65 88.0
60 66 50.0
60 67 69.0
60 68 70.0
60 69 93.0
60 70 60.0
60 71 72.0
60 72 69.0
60 73 59.0
60 74 74.0
60 75 79.0
60 76 63.0
60 77 90.0
60 78 94.0
60 79 59.0
60 80 60.0
60 81 60.0
60 82 98.0
60 83 65.0
60 84 52.0
60 85 99.0
60 86 94.0
60 87 73.0
60 88 84.0
60 89 71.0
60 90 57.0
60 91 80.0
60 92 91.0
60 93 77.0
60 94 76.0
60 95 99.0
60 96 90.0
60 97 100.0
60 98 52.0
60 99 75.0
61 62 70.0
61 63 97.0
61 64 97.0
61 65 74.0
61 66 73.0
61 67 84.0
61 68 82.0
61 69 69.0
61 70 90.0
61 71 59.0
61 72 60.0
61 73 81.0
61 74 70.0
61 75 66.0
61 76 81.0
61 77 79.0
61 78 92.0
61 79 52.0
61 80 99.0
61 81 97.0
61 82 56.0
61 83 84.0
61 84 94.0
61 85 91.0
61 86 51.0
61 87 60.0
61 88 95.0
61 89 100.0
61 90 65.0
61 91 80.0
61 92 61.0
61 93 72.0
61 94 71.0
61 95 54.0
61 96 61.0
61 97 73.0
61 98 65.0
61 99 96.0
62 63 76.0
62 64 85.0
62 65 56.0
62 66 68.0
62 67 54.0
62 68 87.0
62 69 85.0
62 70 67.0
62 71 66.0
62 72 86.0
62 73 53.0
62 74 56.0
62 75 79.0
62 76 68.0
62 77 100.0
62 78 73.0
62 79 92.0
62 80 60.0
62 81 54.0
62 82 85.0
62 83 64.0
62 84 80.0
62 85 93.0
62 86 59.0
62 87 66.0
62 88 76.0
62 89 56.0
62 90 99.0
62 91 91.0
62 92 93.0
62 93 67.0
62 94 84.0
62 95 78.0
62 96 95.0
62 97 73.0
62 98 80.0
62 99 66.0
63 64 80.0
63 65 80.0
63 66 88.0
63 67 59.0
63 68 57.0
63 69 53.0
63 70 90.0
63 71 85.0
63 72 68.0
63 73 91.0
63 74 81.0
63 75 80.0
63 76 55.0
63 77 89.0
63 78 58.0
63 79 95.0
63 80 65.0
63 81 76.0
63 82 91.0
63 83 61.0
63 84 74.0
63 85 75.0
63 86 67.0
63 87 76.0
63 88 62.0
63 89 92.0
63 90 84.0
63 91 51.0
63 92 59.0
63 93 64.0
63 94 69.0
63 95 72.0
63 96 54.0
63 97 57.0
63 98 77.0
63 99 65.0
64 65 91.0
64 66 51.0
64 67 78.0
64 68 71.0
64 69 90.0
64 70 99.0
64 71 51.0
64 72 72.0
64 73 80.0
64 74 69.0
64 75 85.0
64 76 96.0
64 77 57.0
64 78 86.0
64 79 98.0
64 80 79.0
64 81 80.0
64 82 51.0
64 83 84.0
64 84 50.0
64 85 63.0
64 86 53.0
64 87 86.0
64 88 82.0
64 89 95.0
64 90 68.0
64 91 98.0
64 92 78.0
64 93 55.0
64 94 68.0
64 95 64.0
64 96 98.0
64 97 53.0
64 98 59.0
64 99 76.0
65 66 70.0
65 67 72.0
65 68 88.0
65 69 79.0
65 70 58.0
65 71 63.0
65 72 52.0
65 73 73.0
65 74 50.0
65 75 82.0
65 76 66.0
65 77 73.0
65 78 96.0
65 79 89.0
65 80 84.0
65 81 92.0
65 82 58.0
65 83 55.0
65 84 54.0
65 85 66.0
65 86 67.0
65 87 60.0
65 88 90.0
65 89 81.0
65 90 91.0
65 91 60.0
65 92 52.0
65 93 83.0
65 94 80.0
65 95 92.0
65 96 60.0
65 97 84.0
65 98 93.0
65 99 77.0
66 67 96.0
66 68 90.0
66 69 56.0
66 70 52.0
66 71 75.0
66 72 76.0
66 73 63.0
66 74 57.0
66 75 84.0
66 76 88.0
66 77 68.0
66 78 68.0
66 79 95.0
66 80 88.0
66 81 62.0
66 82 54.0
66 83 69.0
66 84 57.0
66 85 53.0
66 86 66.0
66 87 60.0
66 88 57.0
66 89 54.0
66 90 73.0
66 91 99.0
66 92 65.0
66 93 100.0
66 94 90.0
66 95 53.0
66 96 69.0
66 97 99.0
66 98 87.0
66 99 81.0
67 68 69.0
67 69 57.0
67 70 87.0
67 71 66.0
67 72 66.0
67 73 87.0
67 74 82.0
67 75 99.0
67 76 99.0
67 77 92.0
67 78 100.0
67 79 63.0
67 80 54.0
67 81 77.0
67 82 63.0
67 83 86.0
67 84 76.0
67 85 61.0
67 86 50.0
67 87 68.0
67 88 54.0
67 89 91.0
67 90 85.0
67 91 83.0
67 92 66.0
67 93 72.0
67 94 89.0
67 95 85.0
67 96 98.0
67 97 68.0
67 98 53.0
67 99 53.0
68 69 100.0
68 70 69.0
68 71 88.0
68 72 91.0
68 73 74.0
68 74 67.0
68 75 88.0
68 76 83.0
68 77 70.0
68 78 92.0
68 79 82.0
68 80 76.0
68 81 70.0
68 82 86.0
68 83 70.0
68 84 91.0
68 85 84.0
68 86 60.0
68 87 56.0
68 88 68.0
68 89 87.0
68 90 83.0
68 91 81.0
68 92 70.0
68 93 83.0
68 94 60.0
68 95 66.0
68 96 51.0
68 97 93.0
68 98 61.0
68 99 77.0
69 70 95.0
69 71 88.0
69 72 81.0
69 73 92.0
69 74 92.0
69 75 53.0
69 76 73.0
69 77 89.0
69 78 68.0
69 79 64.0
69 80 82.0
69 81 61.0
69 82 94.0
69 83 68.0
69 84 73.0
69 85 64.0
69 86 61.0
69 87 53.0
69 88 73.0
69 89 83.0
69 90 70.0
69 91 87.0
69 92 90.0
69 93 82.0
69 94 58.0
69 95 99.0
69 96 56.0
69 97 50.0
69 98 95.0
69 99 77.0
70 71 61.0
70 72 99.0
70 73 79.0
70 74 60.0
70 75 57.0
70 76 75.0
70 77 96.0
70 78 95.0
70 79 89.0
70 80 82.0
70 81 81.0
70 82 74.0
70 83 63.0
70 84 70.0
70 85 87.0
70 86 97.0
70 87 50.0
70 88 84.0
70 89 54.0
70 90 97.0
70 91 59.0
70 92 96.0
70 93 57.0
70 94 58.0
70 95 94.0
70 96 88.0
70 97 83.0
70 98 82.0
70 99 65.0
71 72 79.0
71 73 91.0
71 74 74.0
71 75 78.0
71 76 72.0
71 77 52.0
71 78 71.0
71 79 77.0
71 80 86.0
71 81 96.0
71 82 59.0
71 83 70.0
71 84 98.0
71 85 83.0
71 86 100.0
71 87 82.0
71 88 67.0
71 89 77.0
71 90 53.0
71 91 99.0
71 92 58.0
71 93 73.0
71 94 51.0
71 95 63.0
71 96 77.0
71 97 100.0
71 98 87.0
71 99 95.0
72 73 53.0
72 74 77.0
72 75 70.0
72 76 79.0
72 77 64.0
72 78 59.0
72 79 88.0
72 80 60.0
72 81 93.0
72 82 96.0
72 83 68.0
72 84 69.0
72 85 53.0
72 86 75.0
72 87 56.0
72 88 90.0
72 89 65.0
72 90 82.0
72 91 67.0
72 92 83.0
72 93 92.0
72 94 64.0
72 95 73.0
72 96 69.0
72 97 59.0
72 98 82.0
72 99 98.0
73 74 76.0
73 75 55.0
73 76 79.0
73 77 50.0
73 78 76.0
73 79 60.0
73 80 52.0
73 81 67.0
73 82 73.0
73 83 97.0
73 84 81.0
73 85 66.0
73 86 95.0
73 87 59.0
73 88 64.0
73 89 67.0
73 90 76.0
73 91 77.0
73 92 85.0
73 93 55.0
73 94 65.0
73 95 62.0
73 96 66.0
73 97 87.0
73 98 100.0
73 99 87.0
74 75 98.0
74 76 64.0
74 77 88.0
74 78 70.0
74 79 53.0
74 80 61.0
74 81 62.0
74 82 72.0
74 83 57.0
74 84 91.0
74 85 83.0
74 86 82.0
74 87 97.0
74 88 55.0
74 89 53.0
74 90 85.0
74 91 70.0
74 92 69.0
74 93 58.0
74 94 95.0
74 95 98.0
74 96 89.0
74 97 89.0
74 98 62.0
74 99 63.0
75 76 51.0
75 77 54.0
75 78 80.0
75 79 59.0
75 80 60.0
75 81 79.0
75 82 96.0
75 83 74.0
75 84 67.0
75 85 60.0
75 86 68.0
75 87 83.0
75 88 99.0
75 89 93.0
75 90 76.0
75 91 55.0
75 92 53.0
75 93 56.0
75 94 87.0
75 95 86.0
75 96 88.0
75 97 85.0
75 98 61.0
75 99 59.0
76 77 98.0
76 78 61.0
76 79 74.0
76 80 69.0
76 81 60.0
76 82 81.0
76 83 92.0
76 84 96.0
76 85 77.0
76 86 59.0
76 87 61.0
76 88 77.0
76 89 78.0
76 90 80.0
76 91 95.0
76 92 81.0
76 93 97.0
76 94 82.0
76 95 67.0
76 96 87.0
76 97 89.0
76 98 51.0
76 99 87.0
77 78 52.0
77 79 66.0
77 80 96.0
77 81 63.0
77 82 90.0
77 83 99.0
77 84 83.0
77 85 95.0
77 86 79.0
77 87 73.0
77 88 98.0
77 89 54.0
77 90 81.0
77 91 89.0
77 92 62.0
77 93 93.0
77 94 81.0
77 95 58.0
77 96 74.0
77 97 94.0
77 98 74.0
77 99 53.0
78 79 75.0
78 80 71.0
78 81 95.0
78 82 52.0
78 83 51.0
78 84 52.0
78 85 68.0
78 86 88.0
78 87 74.0
78 88 57.0
78 89 70.0
78 90 62.0
78 91 74.0
78 92 58.0
78 93 65.0
78 94 92.0
78 95 87.0
78 96 98.0
78 97 77.0
78 98 81.0
78 99 79.0
79 80 74.0
79 81 87.0
79 82 88.0
79 83 65.0
79 84 65.0
79 85 63.0
79 86 99.0
79 87 85.0
79 88 69.0
79 89 100.0
79 90 83.0
79 91 76.0
79 92 50.0
79 93 50.0
79 94 83.0
79 95 61.0
79 96 78.0
79 97 69.0
79 98 87.0
79 99 68.0
80 81 82.0
80 82 75.0
80 83 66.0
80 84 76.0
80 85 81.0
80 86 75.0
80 87 50.0
80 88 84.0
80 89 61.0
80 90 84.0
80 91 63.0
80 92 82.0
80 93 72.0
80 94 68.0
80 95 81.0
80 96 93.0
80 97 76.0
80 98 62.0
80 99 80.0
81 82 98.0
81 83 90.0
81 84 66.0
81 85 71.0
81 86 65.0
81 87 83.0
81 88 85.0
81 89 74.0
81 90 68.0
81 91 78.0
81 92 66.0
81 93 80.0
81 94 90.0
81 95 74.0
81 96 95.0
81 97 100.0
81 98 71.0
81 99 53.0
82 83 84.0
82 84 75.0
82 85 53.0
82 86 61.0
82 87 99.0
82 88 52.0
82 89 99.0
82 90 75.0
82 91 52.0
82 92 81.0
82 93 100.0
82 94 72.0
82 95 71.0
82 96 64.0
82 97 84.0
82 98 85.0
82 99 72.0
83 84 98.0
83 85 51.0
83 86 59.0
83 87 81.0
83 88 89.0
83 89 62.0
83 90 93.0
83 91 89.0
83 92 94.0
83 93 62.0
83 94 90.0
83 95 50.0
83 96 97.0
83 97 59.0
83 98 73.0
83 99 86.0
84 85 61.0
84 86 60.0
84 87 94.0
84 88 60.0
84 89 72.0
84 90 72.0
84 91 54.0
84 92 72.0
84 93 72.0
84 94 96.0
84 95 52.0
84 96 78.0
84 97 67.0
84 98 87.0
84 99 83.0
85 86 67.0
85 87 98.0
85 88 100.0
85 89 57.0
85 90 60.0
85 91 54.0
85 92 99.0
85 93 57.0
85 94 100.0
85 95 95.0
85 96 72.0
85 97 57.0
85 98 72.0
85 99 95.0
86 87 82.0
86 88 99.0
86 89 88.0
86 90 64.0
86 91 83.0
86 92 81.0
86 93 95.0
86 94 64.0
86 95 52.0
86 96 58.0
86 97 51.0
86 98 71.0
86 99 64.0
87 88 60.0
87 89 88.0
87 90 73.0
87 91 89.0
87 92 98.0
87 93 97.0
87 94 73.0
87 95 94.0
87 96 69.0
87 97 73.0
87 98 84.0
87 99 70.0
88 89 77.0
88 90 68.0
88 91 82.0
88 92 99.0
88 93 87.0
88 94 70.0
88 95 81.0
88 96 92.0
88 97 69.0
88 98 65.0
88 99 77.0
89 90 74.0
89 91 80.0
89 92 77.0
89 93 81.0
89 94 98.0
89 95 59.0
89 96 57.0
89 97 87.0
89 98 92.0
89 99 67.0
90 91 55.0
90 92 64.0
90 93 71.0
90 94 74.0
90 95 60.0
90 96 52.0
90 97 71.0
90 98 87.0
90 99 95.0
91 92 62.0
91 93 95.0
91 94 96.0
91 95 67.0
91 96 67.0
91 97 84.0
91 98 69.0
91 99 75.0
92 93 65.0
92 94 89.0
92 95 71.0
92 96 81.0
92 97 87.0
92 98 60.0
92 99 63.0
93 94 85.0
93 95 65.0
93 96 91.0
93 97 69.0
93 98 67.0
93 99 60.0
94 95 61.0
94 96 64.0
94 97 74.0
94 98 73.0
94 99 58.0
95 96 70.0
95 97 76.0
95 98 64.0
95 99 56.0
96 97 91.0
96 98 60.0
96 99 61.0
97 98 70.0
97 99 77.0
98 99 79.0
