60

2 1 10 10 5
2 1 10 30 5
2 1 10 10 15
2 1 10 30 15
2 1 10 10 25
2 1 10 30 25
2 1 100 10 5
2 1 100 30 5
2 1 100 10 15
2 1 100 30 15
2 1 100 10 25
2 1 100 30 25

2 2 10 10 5
2 2 10 30 5
2 2 10 10 15
2 2 10 30 15
2 2 10 10 25
2 2 10 30 25
2 2 100 10 5
2 2 100 30 5
2 2 100 10 15
2 2 100 30 15
2 2 100 10 25
2 2 100 30 25

2 3 10 10 5
2 3 10 30 5
2 3 10 10 15
2 3 10 30 15
2 3 10 10 25
2 3 10 30 25
2 3 100 10 5
2 3 100 30 5
2 3 100 10 15
2 3 100 30 15
2 3 100 10 25
2 3 100 30 25

2 4 10  10  5
2 4 10  30  5
2 4 10  10  15
2 4 10  30  15
2 4 10  10  25
2 4 10  30  25
2 4 100 10  5
2 4 100 30  5
2 4 100 10  15
2 4 100 30  15
2 4 100 10  25
2 4 100 30  25

2 5 10  10  5
2 5 10  30  5
2 5 10  10  15
2 5 10  30  15
2 5 10  10  25
2 5 10  30  25
2 5 100 10  5
2 5 100 30  5
2 5 100 10  15
2 5 100 30  15
2 5 100 10  25
2 5 100 30  25
