72

2 8 10 20 5
2 8 10 50 5
2 8 10 20 15
2 8 10 50 15
2 8 10 20 25
2 8 10 50 25
2 8 100 20 5
2 8 100 50 5
2 8 100 20 15
2 8 100 50 15
2 8 100 20 25
2 8 100 50 25

2 9 10 20 5
2 9 10 50 5
2 9 10 20 15
2 9 10 50 15
2 9 10 20 25
2 9 10 50 25
2 9 100 20 5
2 9 100 50 5
2 9 100 20 15
2 9 100 50 15
2 9 100 20 25
2 9 100 50 25

2 10 10 20 5
2 10 10 50 5
2 10 10 20 15
2 10 10 50 15
2 10 10 20 25
2 10 10 50 25
2 10 100 20 5
2 10 100 50 5
2 10 100 20 15
2 10 100 50 15
2 10 100 20 25
2 10 100 50 25

2 13 10  20  5
2 13 10  100 5
2 13 10  20  15
2 13 10  100 15
2 13 10  20  25
2 13 10  100 25
2 13 100 20  5
2 13 100 100 5
2 13 100 20  15
2 13 100 100 15
2 13 100 20  25
2 13 100 100 25

2 14 10  20  5
2 14 10  100 5
2 14 10  20  15
2 14 10  100 15
2 14 10  20  25
2 14 10  100 25
2 14 100 20  5
2 14 100 100 5
2 14 100 20  15
2 14 100 100 15
2 14 100 20  25
2 14 100 100 25

2 15 10  20  5
2 15 10  100 5
2 15 10  20  15
2 15 10  100 15
2 15 10  20  25
2 15 10  100 25
2 15 100 20  5
2 15 100 100 5
2 15 100 20  15
2 15 100 100 15
2 15 100 20  25
2 15 100 100 25
