108

2 6 10 20 5
2 6 10 50 5
2 6 10 20 15
2 6 10 50 15
2 6 10 20 25
2 6 10 50 25
2 6 100 20 5
2 6 100 50 5
2 6 100 20 15
2 6 100 50 15
2 6 100 20 25
2 6 100 50 25

2 7 10 20 5
2 7 10 50 5
2 7 10 20 15
2 7 10 50 15
2 7 10 20 25
2 7 10 50 25
2 7 100 20 5
2 7 100 50 5
2 7 100 20 15
2 7 100 50 15
2 7 100 20 25
2 7 100 50 25

2 11 10 20 5
2 11 10 100 5
2 11 10 20 15
2 11 10 100 15
2 11 10 20 25
2 11 10 100 25
2 11 100 20 5
2 11 100 100 5
2 11 100 20 15
2 11 100 100 15
2 11 100 20 25
2 11 100 100 25

2 12 10 20 5
2 12 10 100 5
2 12 10 20 15
2 12 10 100 15
2 12 10 20 25
2 12 10 100 25
2 12 100 20 5
2 12 100 100 5
2 12 100 20 15
2 12 100 100 15
2 12 100 20 25
2 12 100 100 25

2 16 10 100 5
2 16 10 200 5
2 16 10 100 15
2 16 10 200 15
2 16 10 100 25
2 16 10 200 25
2 16 100 100 5
2 16 100 200 5
2 16 100 100 15
2 16 100 200 15
2 16 100 100 25
2 16 100 200 25

2 17 10 100 5
2 17 10 200 5
2 17 10 100 15
2 17 10 200 15
2 17 10 100 25
2 17 10 200 25
2 17 100 100 5
2 17 100 200 5
2 17 100 100 15
2 17 100 200 15
2 17 100 100 25
2 17 100 200 25

2 18 10 100 5
2 18 10 200 5
2 18 10 100 15
2 18 10 200 15
2 18 10 100 25
2 18 10 200 25
2 18 100 100 5
2 18 100 200 5
2 18 100 100 15
2 18 100 200 15
2 18 100 100 25
2 18 100 200 25

2 19 10 100 5
2 19 10 200 5
2 19 10 100 15
2 19 10 200 15
2 19 10 100 25
2 19 10 200 25
2 19 100 100 5
2 19 100 200 5
2 19 100 100 15
2 19 100 200 15
2 19 100 100 25
2 19 100 200 25

2 20 10 100 5
2 20 10 200 5
2 20 10 100 15
2 20 10 200 15
2 20 10 100 25
2 20 10 200 25
2 20 100 100 5
2 20 100 200 5
2 20 100 100 15
2 20 100 200 15
2 20 100 100 25
2 20 100 200 25

