
144

1 1 0 5  3
1 1 0 10 3
1 1 0 5  6
1 1 0 10 6
1 1 0 5  9
1 1 0 10 9
1 1 0 5  12
1 1 0 10 12

1 2 0 5  3
1 2 0 10 3
1 2 0 5  6
1 2 0 10 6
1 2 0 5  9
1 2 0 10 9
1 2 0 5  12
1 2 0 10 12

1 3 0 5  3
1 3 0 10 3
1 3 0 5  6
1 3 0 10 6
1 3 0 5  9
1 3 0 10 9
1 3 0 5  12
1 3 0 10 12

1 4 0 5  3
1 4 0 10 3
1 4 0 5  6
1 4 0 10 6
1 4 0 5  9
1 4 0 10 9
1 4 0 5  12
1 4 0 10 12

1 5 0 5  3
1 5 0 10 3
1 5 0 5  6
1 5 0 10 6
1 5 0 5  9
1 5 0 10 9
1 5 0 5  12
1 5 0 10 12

1 6 0 5  3
1 6 0 10 3
1 6 0 5  6
1 6 0 10 6
1 6 0 5  9
1 6 0 10 9
1 6 0 5  12
1 6 0 10 12

1 7 0 5  3
1 7 0 10 3
1 7 0 5  6
1 7 0 10 6
1 7 0 5  9
1 7 0 10 9
1 7 0 5  12
1 7 0 10 12

1 8 0 5  3
1 8 0 10 3
1 8 0 5  6
1 8 0 10 6
1 8 0 5  9
1 8 0 10 9
1 8 0 5  12
1 8 0 10 12

1 9 0 5  3
1 9 0 10 3
1 9 0 5  6
1 9 0 10 6
1 9 0 5  9
1 9 0 10 9
1 9 0 5  12
1 9 0 10 12

1 10 0 5  3
1 10 0 10 3
1 10 0 5  6
1 10 0 10 6
1 10 0 5  9
1 10 0 10 9
1 10 0 5  12
1 10 0 10 12

1 11 0 5  3
1 11 0 10 3
1 11 0 5  6
1 11 0 10 6
1 11 0 5  9
1 11 0 10 9
1 11 0 5  12
1 11 0 10 12

1 12 0 5  3
1 12 0 10 3
1 12 0 5  6
1 12 0 10 6
1 12 0 5  9
1 12 0 10 9
1 12 0 5  12
1 12 0 10 12

1 13 0 5  3
1 13 0 10 3
1 13 0 5  6
1 13 0 10 6
1 13 0 5  9
1 13 0 10 9
1 13 0 5  12
1 13 0 10 12

1 14 0 5  3
1 14 0 10 3
1 14 0 5  6
1 14 0 10 6
1 14 0 5  9
1 14 0 10 9
1 14 0 5  12
1 14 0 10 12

1 15 0 5  3
1 15 0 10 3
1 15 0 5  6
1 15 0 10 6
1 15 0 5  9
1 15 0 10 9
1 15 0 5  12
1 15 0 10 12

1 16 0 5  3
1 16 0 10 3
1 16 0 5  6
1 16 0 10 6
1 16 0 5  9
1 16 0 10 9
1 16 0 5  12
1 16 0 10 12

1 17 0 5  3
1 17 0 10 3
1 17 0 5  6
1 17 0 10 6
1 17 0 5  9
1 17 0 10 9
1 17 0 5  12
1 17 0 10 12

1 18 0 5  3
1 18 0 10 3
1 18 0 5  6
1 18 0 10 6
1 18 0 5  9
1 18 0 10 9
1 18 0 5  12
1 18 0 10 12

24
1 3 0 5 6
1 4 0 10 9
1 4 0 10 12
1 6 0 5  6
1 6 0 5  9
1 6 0 10 9
1 8 0 10 6
1 9 0 5 6
1 10 0 10 9
1 10 0 10 12
1 11 0 10 9
1 12 0 10 6
1 12 0 5 9
1 12 0 10 9
1 12 0 5 12
1 12 0 10 12
1 15 0 5 9
1 15 0 5 12 
1 17 0 10 9
1 18 0 5  6
1 18 0 10 6
1 18 0 5  9
1 18 0 10 9
1 18 0 5 12
