1
75 94 19 9999
29
65
17
5
11
50
2
30
13
38
46
1
51
71
28
56
34
54
27
63
38
56
4
79
42
48
39
60
63
25
81
33
21
6
93
38
33
14
1 20 1
4 42 4
5 64 3
6 40 8
6 56 6
6 71 1
8 7 7
8 10 2
8 17 7
8 67 1
8 73 1
9 17 2
11 36 4
12 32 8
13 16 6
13 44 4
13 51 6
15 53 7
16 54 3
17 73 3
21 22 9
23 58 6
24 59 7
27 8 3
27 34 4
27 43 6
27 48 5
27 57 7
28 66 8
29 69 2
30 52 9
30 62 8
30 72 4
31 3 9
31 5 9
31 37 1
31 54 3
31 63 8
31 75 9
33 23 3
33 29 2
33 38 5
33 68 10
35 27 2
35 33 4
35 46 1
35 50 3
36 24 10
39 20 4
39 26 3
40 46 3
43 6 4
43 11 7
44 15 7
44 68 4
45 41 8
45 60 2
45 66 9
46 4 7
46 6 9
46 18 8
46 21 4
46 42 6
48 45 2
50 13 1
50 25 3
50 28 2
50 30 5
50 73 7
51 14 5
51 35 2
54 2 9
54 15 10
54 47 9
56 74 2
57 31 9
57 65 8
58 39 1
58 56 10
61 38 10
63 12 5
63 74 9
64 1 8
65 19 10
65 38 2
66 12 9
67 68 2
69 9 4
69 53 4
71 49 9
71 55 2
73 6 5
73 70 8
75 61 3
