1
50 100 25 9999
38
47
11
18
9
44
1
7
48
23
50
30
6
21
46
17
43
19
5
42
49
35
28
10
12
15
77
30
60
20
28
29
88
5
57
74
38
94
84
93
4
57
65
3
85
38
73
70
5
77
1 11 8
1 28 8
1 32 8
1 44 9
2 4 8
2 10 10
2 31 3
2 36 10
3 24 4
3 30 5
3 48 6
4 7 9
4 9 7
4 28 9
4 36 4
5 20 4
6 13 1
6 23 6
6 28 6
7 13 3
8 4 7
8 7 3
8 13 4
9 6 2
9 17 5
9 49 9
10 42 8
11 18 7
12 3 6
12 40 2
13 37 6
14 27 4
14 48 7
15 35 7
16 14 1
17 15 10
19 7 9
19 24 1
22 2 6
22 12 7
22 27 10
22 41 6
22 47 9
24 36 6
24 42 3
25 3 4
25 4 10
26 41 8
27 6 5
27 21 2
27 49 5
28 45 7
29 1 6
29 11 10
29 22 1
29 33 5
29 37 10
29 50 4
30 47 4
31 20 3
32 8 8
32 38 2
32 44 1
33 6 3
33 10 9
33 15 5
33 20 8
33 26 2
33 34 10
33 41 7
34 5 10
35 23 6
35 44 3
36 16 2
38 10 10
38 37 1
40 13 7
40 35 1
41 10 7
41 14 2
41 18 5
42 2 9
42 31 1
42 33 6
42 46 8
43 30 2
44 8 6
44 19 7
44 25 4
44 41 9
45 8 9
45 18 5
45 37 10
48 16 5
48 39 5
49 12 1
49 16 6
49 43 1
50 4 1
50 46 6
