1
75 94 38 9999
20
67
72
50
34
31
74
53
29
30
21
13
70
59
69
64
49
40
68
4
33
36
42
71
8
45
62
57
41
11
9
14
73
46
7
2
5
28
81
32
89
25
64
70
28
10
84
85
45
38
18
5
16
3
84
11
54
83
67
63
5
40
84
61
28
2
43
28
41
24
60
82
50
76
52
30
1 17 9
2 39 7
2 50 9
2 52 2
2 75 5
5 22 1
5 51 5
7 30 4
7 55 9
7 62 3
7 72 5
8 33 1
9 26 1
9 45 5
9 54 2
10 28 10
10 32 1
10 74 9
12 31 10
13 5 8
14 7 10
14 24 5
14 38 2
14 71 1
14 73 1
15 9 10
16 37 4
18 50 6
20 69 1
23 66 3
24 49 2
26 16 2
26 42 4
28 12 1
28 47 5
29 50 5
29 63 3
31 69 5
32 25 6
32 31 3
32 70 9
33 11 7
34 37 7
35 24 10
37 39 6
38 62 1
40 35 6
41 27 6
42 31 4
42 34 3
42 57 10
44 43 2
44 60 6
45 23 7
45 27 3
45 46 8
45 68 10
46 29 3
48 40 4
48 59 4
49 1 9
51 36 2
51 44 3
52 6 9
54 19 9
54 63 4
54 65 4
55 21 7
55 58 4
57 53 9
58 73 5
61 63 6
62 37 4
64 3 2
65 4 8
65 13 8
65 14 6
66 7 2
67 18 10
67 33 9
67 48 6
67 56 6
68 8 7
68 34 8
68 41 5
68 54 2
69 61 7
71 2 6
71 19 2
73 10 1
73 20 3
73 67 4
74 29 3
75 64 10
