1
75 150 38 9999
10
67
53
12
40
2
1
15
42
29
61
32
27
58
41
35
63
43
72
33
62
8
64
9
18
57
20
3
19
74
4
68
49
39
7
44
46
5
42
12
76
62
37
66
91
80
86
9
46
79
76
65
63
38
95
54
4
72
86
57
60
13
1
88
47
5
95
6
25
37
70
53
1
7
20
43
1 9 4
1 19 2
2 18 8
2 26 6
2 53 8
2 63 3
2 72 3
2 73 1
3 12 4
3 73 8
4 3 2
5 64 7
6 48 7
6 65 6
6 69 3
8 66 1
9 69 1
10 14 9
12 35 5
13 16 10
13 58 4
14 49 10
14 52 8
15 22 10
15 69 9
17 39 8
18 69 1
19 10 10
19 12 7
19 44 2
19 60 10
20 66 4
20 75 7
22 4 10
22 6 4
22 23 7
22 68 3
23 33 4
23 51 9
23 55 4
23 57 5
23 67 5
24 13 4
24 51 2
25 74 4
27 22 4
27 29 4
27 39 3
28 16 3
28 22 1
29 11 8
29 57 7
29 75 3
31 5 8
31 40 3
32 2 3
32 19 8
32 23 1
32 27 9
32 34 1
32 56 8
32 70 8
34 31 6
35 63 1
36 39 7
36 59 7
37 3 10
37 19 1
37 43 9
38 16 9
38 29 9
38 46 9
38 50 10
40 26 7
40 37 2
41 72 9
42 3 6
42 24 8
42 25 5
42 74 1
43 34 5
43 50 10
43 51 6
43 59 1
44 12 10
45 10 9
45 20 10
45 66 3
47 5 9
47 58 8
48 17 7
48 45 4
48 51 2
48 68 3
48 71 1
49 65 3
50 23 4
50 36 10
51 5 4
51 14 6
51 20 10
51 71 8
52 27 8
53 50 1
54 4 4
54 18 5
54 40 6
54 56 7
54 59 9
55 27 10
55 43 10
55 47 6
55 48 10
55 49 1
55 64 6
56 42 4
57 15 9
57 28 8
57 41 7
57 54 3
58 21 6
58 36 2
59 71 9
60 21 2
60 38 10
60 47 4
61 10 7
61 30 8
61 31 2
61 69 7
62 35 6
62 70 9
63 62 10
64 9 1
64 29 5
65 54 3
66 36 4
67 1 7
67 7 6
68 14 1
70 28 3
71 11 3
71 58 4
72 8 4
72 38 10
73 30 7
73 61 8
74 1 6
74 29 2
75 35 4
