1
75 94 13 9999
55
52
60
63
24
26
70
36
29
51
23
59
14
38
77
20
63
76
39
59
95
12
39
35
97
24
7 17 6
7 69 1
8 25 10
8 39 1
9 70 4
15 2 3
15 20 1
18 45 2
18 74 7
19 7 9
19 64 7
22 34 5
23 9 5
25 19 7
26 72 6
27 3 10
27 36 10
27 40 3
28 6 6
28 48 7
28 63 9
29 21 4
30 29 1
30 41 8
30 62 2
32 34 3
32 74 9
33 7 10
38 7 6
38 54 8
38 60 10
38 65 2
39 2 6
40 3 10
41 1 9
41 21 7
41 23 7
42 12 2
42 30 2
42 53 3
42 56 10
42 74 1
43 4 8
43 51 9
43 54 5
43 55 6
43 71 2
44 10 1
44 26 3
44 28 9
44 36 4
44 43 8
44 46 2
44 57 2
44 68 2
45 1 6
46 49 10
46 52 2
47 27 5
47 38 5
47 41 10
48 14 2
48 22 7
50 73 1
51 8 4
51 15 7
52 16 9
53 16 10
54 66 6
56 20 6
56 75 2
57 58 9
58 5 10
59 11 9
60 18 5
60 31 5
60 35 8
60 61 1
60 67 10
61 32 9
61 37 9
63 24 10
65 16 3
65 33 2
65 42 6
65 44 4
65 50 1
65 59 1
67 20 3
67 39 6
70 13 8
71 70 4
72 9 1
74 37 4
