1
100 200 25 9999
61
32
86
14
23
51
60
49
27
20
91
46
12
40
68
63
13
62
34
16
77
5
72
35
89
86
49
82
51
47
37
24
73
95
73
5
85
76
3
75
84
47
66
17
21
16
20
73
50
44
1 23 2
1 41 2
1 66 10
1 87 1
3 25 2
4 1 1
4 28 3
4 38 8
4 76 9
4 100 8
6 15 3
7 4 2
7 6 6
7 19 6
7 21 4
7 25 3
7 34 9
7 63 6
7 67 7
7 79 10
7 92 5
8 39 1
8 79 3
9 28 9
10 1 1
10 40 5
10 59 5
11 19 7
11 49 8
12 14 8
12 50 8
15 31 9
15 35 4
16 44 9
16 69 2
16 71 2
16 84 4
17 29 8
17 36 1
17 55 1
18 69 10
19 17 9
19 24 6
22 59 6
22 87 1
23 29 2
23 85 6
23 94 3
24 8 6
24 51 8
24 98 8
25 9 7
25 93 7
26 56 3
27 13 4
27 33 5
27 48 1
27 57 6
27 58 7
27 68 3
28 52 5
29 77 4
30 46 1
30 64 1
30 83 3
30 89 5
31 19 10
31 70 3
32 65 3
32 69 7
33 53 1
34 38 3
36 2 1
36 18 4
36 95 9
37 31 3
38 45 9
38 65 9
38 98 2
39 4 9
39 33 2
39 64 1
40 15 9
40 22 7
41 90 7
42 13 3
42 47 1
43 42 10
43 56 1
45 8 8
46 9 2
46 92 8
47 44 10
48 41 10
49 73 10
49 92 1
49 99 10
52 11 1
52 33 8
52 60 8
52 71 3
52 88 6
52 97 2
54 14 5
54 32 2
54 69 3
54 93 1
55 35 6
55 69 2
56 16 5
56 35 10
56 84 3
56 98 7
57 12 5
58 13 3
58 56 4
59 9 5
59 79 6
60 5 7
60 54 1
62 7 9
62 30 6
62 36 6
62 52 9
65 29 6
65 61 10
65 86 5
66 51 1
66 63 6
66 70 7
66 74 4
67 90 6
67 97 6
68 51 1
68 56 9
68 85 10
68 95 8
69 23 10
69 63 5
69 89 8
69 95 1
70 11 8
70 30 9
71 46 2
72 11 7
72 16 9
72 22 1
72 66 3
72 82 7
72 91 9
73 20 3
74 3 6
74 79 3
74 88 1
75 42 7
77 85 5
78 95 7
79 46 7
79 73 1
80 17 2
80 22 1
80 30 1
80 34 1
82 10 8
82 78 6
83 74 6
84 9 7
84 65 2
84 78 2
84 80 6
84 86 1
86 30 9
86 72 3
88 13 5
88 81 3
89 52 10
90 72 1
90 98 4
91 40 10
92 8 10
92 24 5
92 26 3
92 27 10
92 74 6
92 86 7
94 26 2
94 43 5
95 6 7
95 28 5
95 50 2
95 75 10
96 97 2
97 1 9
98 3 7
98 57 6
99 10 6
99 37 3
100 12 5
100 49 3
100 96 2
