1
100 125 17 9999
92
33
86
55
25
36
21
3
30
19
51
42
44
43
58
83
95
79
74
23
94
31
40
41
26
41
42
26
2
43
14
64
74
71
2 83 6
3 38 8
3 62 6
4 46 8
4 65 3
5 4 5
5 84 10
5 91 6
6 7 4
7 8 3
7 36 6
8 27 2
8 81 2
9 69 6
10 34 10
10 61 5
10 90 1
11 9 9
11 41 9
11 63 4
11 97 2
13 35 1
13 53 3
13 86 4
15 33 8
15 93 8
16 14 10
18 14 1
19 5 7
19 23 1
19 44 1
19 70 3
19 74 3
19 79 7
19 85 10
19 99 4
20 95 1
23 42 3
27 87 5
28 76 1
30 25 10
32 3 6
32 24 4
32 66 6
33 90 2
35 48 10
35 57 3
37 50 1
38 85 5
40 77 6
44 17 10
44 21 1
44 98 9
46 20 4
46 26 10
46 78 3
48 53 2
49 75 9
50 85 6
53 39 1
54 29 7
54 71 8
55 36 6
55 100 10
58 6 10
58 11 1
59 12 8
59 30 6
59 40 3
60 45 8
60 55 4
60 86 8
60 98 5
61 68 2
64 14 5
64 49 10
64 51 10
64 59 10
65 43 4
65 67 4
66 67 1
67 22 1
67 56 8
68 15 8
68 72 7
68 82 6
68 96 10
70 10 9
70 13 6
70 58 6
70 80 5
72 71 2
72 93 9
73 80 6
74 12 4
74 18 4
78 79 7
79 60 8
79 87 1
79 92 9
83 63 4
84 2 10
84 32 9
84 47 4
84 52 5
84 72 1
84 73 9
84 89 6
85 6 9
85 54 6
85 64 8
87 37 10
87 57 10
87 94 10
90 5 4
91 16 6
91 31 1
91 57 5
91 63 10
92 28 8
92 38 10
95 50 5
96 72 8
98 1 4
99 88 5
