1
50 100 13 9999
5
24
7
23
3
15
16
13
20
37
31
35
39

9
97
76
9
35
68
84
78
40
47
14
76
33
1 7 2
1 18 3
1 35 10
2 16 10
2 28 10
2 47 2
3 20 1
3 39 4
4 2 5
4 24 1
4 37 9
4 41 10
4 49 10
5 48 3
6 12 8
6 18 2
6 21 6
6 26 9
6 46 5
6 50 1
9 21 6
9 25 5
9 36 8
10 13 4
10 19 9
10 40 9
11 30 2
12 2 10
12 17 10
12 35 6
14 3 1
15 12 7
16 21 7
17 21 5
17 46 5
18 5 3
18 10 1
18 46 1
20 19 10
20 39 1
20 49 2
21 1 5
21 3 6
21 37 1
21 49 7
23 10 5
23 33 10
23 34 5
23 43 2
24 14 6
24 45 8
25 5 2
25 14 10
25 15 8
25 30 1
25 43 1
25 48 9
26 31 2
26 48 10
27 17 5
27 48 4
28 4 5
30 28 5
31 23 8
31 29 9
32 1 9
32 11 7
32 30 1
32 36 9
34 3 4
34 37 3
36 8 4
36 24 7
37 8 6
37 19 8
37 40 4
38 45 5
40 1 8
42 6 2
42 9 6
42 16 4
42 23 3
42 27 9
42 32 8
42 44 6
42 49 3
44 11 4
44 19 4
45 8 4
45 36 2
45 42 6
46 7 2
46 36 10
46 38 4
47 20 2
47 22 10
47 46 1
49 5 4
49 35 1
49 38 7
