1
75 150 19 9999
12
20
64
24
48
30
74
42
54
44
28
31
49
17
27
34
35
68
53
6
13
67
81
26
48
81
13
22
72
59
80
83
99
62
11
43
19
8
1 57 2
2 19 6
2 29 5
2 55 4
5 2 6
5 57 9
5 60 3
7 21 3
8 23 6
8 32 1
8 54 9
9 8 1
10 15 6
10 66 1
10 67 3
11 3 2
11 44 7
13 16 5
16 22 10
16 40 6
17 2 2
17 5 2
17 22 1
17 33 6
17 45 4
17 47 5
18 12 9
19 26 7
19 42 5
20 40 10
21 45 3
21 47 5
22 10 8
22 24 3
22 48 6
23 36 1
23 37 7
23 38 4
23 52 1
24 25 3
24 40 3
24 57 7
26 16 7
27 2 7
28 44 7
28 54 2
28 56 3
28 61 8
29 26 1
29 59 10
30 6 5
30 8 9
30 20 2
30 27 4
30 31 5
30 41 6
30 65 3
31 3 3
31 71 3
32 45 5
33 12 10
34 22 4
34 56 10
35 73 5
36 20 7
36 33 9
36 34 10
37 9 7
37 39 5
37 55 2
38 35 4
38 45 3
38 53 4
39 13 2
39 48 8
39 59 4
39 63 3
40 51 5
41 31 3
42 11 6
42 12 9
42 58 7
42 61 3
43 59 5
43 70 5
44 65 2
46 20 2
46 55 3
47 9 10
47 30 8
47 53 7
47 60 9
47 70 5
48 62 10
49 7 5
50 46 4
51 53 4
52 13 8
52 18 8
52 32 6
52 51 5
52 62 2
53 2 7
54 25 7
55 24 3
55 44 7
55 66 2
56 51 2
58 3 4
58 43 2
59 24 2
59 68 2
59 75 9
60 14 7
60 71 1
61 72 6
62 44 3
63 11 3
64 51 2
64 75 2
65 49 5
65 64 1
65 74 2
66 4 8
66 23 6
66 26 9
67 1 9
67 7 5
67 8 8
67 52 1
67 69 2
67 73 4
69 16 3
69 36 7
71 17 4
71 40 5
71 43 7
72 1 9
72 33 8
73 28 9
73 29 8
73 37 7
73 42 6
73 46 7
73 65 6
74 38 9
74 50 6
75 14 2
75 27 2
75 32 8
