100
7
0 75.44726 4.4807014 65.61952 46.026928 20.170515 89.23983 70.83635
1 72.75427 94.34636 25.40964 85.30261 98.17267 83.05438 37.94617
2 48.44858 40.19197 49.32583 68.849236 74.35951 79.99193 6.6318274
3 40.138893 73.47585 1.2080789 94.87914 2.061224 18.535095 24.521446
4 32.56518 66.80648 21.780003 42.045307 15.493679 85.67068 93.435
5 88.05279 67.14701 9.074253 11.736 32.95891 0.75042844 3.9528847
6 48.97001 33.500595 19.362026 73.10431 82.93468 5.2524924 81.9049
7 84.02119 41.171043 34.54179 81.66336 30.035479 8.774984 10.109383
8 83.94395 0.2808869 7.386202 14.200985 23.717808 64.643234 71.23244
9 65.91216 77.28904 99.67497 99.32808 93.37313 57.36277 7.121885
10 14.8601 26.621706 84.1174 50.532185 72.52194 39.716373 9.630978
11 51.2393 1.4728427 32.79101 5.697918 13.238335 80.41203 75.41418
12 9.937411 59.086845 6.985259 38.91812 89.189926 54.486782 36.715664
13 23.497217 57.385986 27.745003 37.5181 46.09621 45.028297 78.52427
14 90.57146 46.73208 84.64198 46.407764 93.15762 7.297903 59.319473
15 28.593391 5.6103826 60.52511 75.92939 3.8566053 74.64677 14.134729
16 19.598495 19.683123 46.28507 81.85615 28.450697 15.647263 10.806632
17 18.56165 86.84819 99.734055 52.62506 9.948379 68.88979 27.970636
18 82.63129 90.75025 1.857096 0.60504675 28.042625 21.196812 49.647182
19 20.87128 33.76838 65.2335 9.793955 32.393276 73.89582 0.8194685
20 53.069668 77.35503 86.4926 81.42834 23.301834 95.10971 79.22237
21 26.761616 26.175291 6.889689 27.298647 81.771866 21.466208 30.247284
22 14.390337 67.5748 53.23724 11.900557 86.88478 90.96035 99.68684
23 11.439079 83.36809 55.309032 49.07908 64.085014 15.567553 63.159306
24 43.784107 78.18916 60.89846 46.89761 22.046577 13.718289 47.06303
25 50.556965 0.59633255 49.568726 78.069016 93.08061 12.360012 89.594955
26 51.08906 16.26215 56.875263 15.805334 22.602076 92.604576 58.913918
27 59.848553 98.38798 87.30161 18.462872 94.853424 88.64559 21.252102
28 85.57951 14.614243 0.5384028 19.350613 2.533108 58.319103 44.927578
29 90.19666 26.67849 0.34713745 41.31951 23.83479 17.108362 76.52259
30 89.84429 6.244242 30.534988 82.58157 86.41058 90.16981 4.1109743
31 6.01688 27.383852 77.71493 89.875824 39.014286 43.853218 21.15959
32 64.885826 44.541138 28.744585 34.033764 48.337524 88.01708 48.973064
33 87.95253 70.43115 8.172685 41.088955 4.5419035 23.451763 39.03216
34 64.35259 2.4592638 82.50015 43.351536 67.08119 32.605244 68.219246
35 10.776175 17.965752 99.76423 76.28691 72.48656 66.68876 84.78914
36 65.74528 0.7763684 50.73012 20.817339 60.585995 86.01253 26.184755
37 51.684505 14.398581 5.485189 8.501471 86.57092 37.115677 36.05252
38 98.37043 26.911533 14.568186 84.06717 92.930374 58.73096 27.120745
39 57.250195 42.744003 93.89411 12.331497 30.92457 80.61992 89.42064
40 20.421446 38.8717 84.674065 46.189148 90.209946 72.12606 30.668163
41 72.30807 69.75096 98.93708 68.59266 16.471571 20.676876 29.125196
42 26.94841 21.128983 61.524677 65.92628 1.8055916 91.71703 14.195615
43 99.503235 43.375088 18.039047 43.11016 56.514824 72.72403 47.69097
44 0.3040433 88.943436 77.92236 93.8595 76.217606 48.829758 80.153915
45 44.543762 77.62506 91.241646 74.30729 25.033432 16.206259 89.87605
46 28.736555 87.12855 56.670795 53.88064 39.018734 57.989414 87.90323
47 43.069416 29.715645 68.599236 97.9217 85.54332 65.767845 0.6123781
48 39.956654 77.221176 95.91344 83.91295 16.89977 58.912598 99.45555
49 52.651447 11.796129 21.856285 35.13029 21.052473 87.81867 37.203373
50 7.39671 82.14742 39.94918 65.40556 27.139294 12.100625 27.881527
51 6.0946407 76.81061 93.34224 63.76304 52.5985 16.029316 53.73991
52 85.41076 24.077595 24.48144 73.03623 64.507034 45.29296 61.857254
53 87.317245 86.73231 13.708008 87.01248 46.98803 86.381615 47.013577
54 73.40193 62.304924 19.100088 3.8490355 58.241783 25.705921 43.13572
55 55.63046 87.269356 93.80545 39.9347 98.71311 54.156994 69.858284
56 9.795171 0.8951485 67.68093 64.6891 6.2637386 93.359314 15.041304
57 59.534634 35.43025 43.960976 75.98348 16.019827 12.489271 77.275276
58 99.60221 8.717847 89.94181 64.54996 99.25155 15.616017 9.471428
59 67.77023 86.479065 26.581865 75.520645 38.088654 33.310024 93.90961
60 53.405277 93.128654 74.79519 90.60819 91.7359 9.920597 87.08663
61 88.707985 99.08135 1.821363 67.31464 63.018364 42.133938 6.612831
62 12.411272 46.029705 8.858686 8.543867 27.283442 51.648514 9.7800255
63 85.409645 66.21104 82.87657 96.042305 0.44916868 23.179424 89.14603
64 9.350681 12.046278 80.50669 29.62076 59.34547 17.665047 14.364481
65 80.247154 44.18568 74.42091 49.698658 34.62736 93.730286 91.03338
66 85.027565 45.89854 58.134228 85.033295 44.337334 31.798851 82.158485
67 66.981895 3.8262725 75.11413 74.08064 98.63328 25.90487 42.91969
68 82.64758 74.536125 72.27935 80.7134 53.71081 73.18324 68.092255
69 10.995364 25.515842 92.702354 26.232004 43.465214 96.381256 32.022846
70 86.63784 38.22187 26.81259 57.799572 71.61052 20.665825 18.878578
71 43.03527 42.00037 32.7878 5.6691465 9.791565 68.20208 89.8084
72 22.407782 16.649038 6.9716034 52.402718 65.66836 14.26757 23.34032
73 95.755295 58.323734 38.66961 84.790634 69.26204 63.319485 12.442696
74 21.14662 70.70319 49.920837 96.22021 22.40414 71.099724 40.338142
75 45.397083 92.37167 0.23530722 14.02182 25.481426 88.223724 56.04676
76 40.669476 70.74526 24.901491 15.88344 53.157116 8.454418 74.06353
77 75.20481 68.05595 40.02486 25.636364 4.8769474 56.802414 72.63246
78 36.898487 26.160568 65.43938 33.316612 70.721016 41.134304 58.442497
79 2.2510111 17.665356 3.1080723 13.6002655 53.955067 22.998554 58.05695
80 44.155235 52.69641 61.536057 64.812485 53.175484 70.66217 53.080517
81 3.314072 97.96071 70.688614 16.924423 90.340164 31.559103 57.03357
82 73.569664 38.56082 99.35579 62.013466 8.944964 54.296494 64.17883
83 19.030046 84.74184 72.91128 59.255592 15.865159 67.12395 68.25408
84 78.254456 19.97429 34.38772 47.99169 91.988846 90.26972 36.870235
85 3.120631 76.382416 9.525657 14.5348015 24.52792 73.04513 86.59555
86 19.5454 28.386814 17.154295 38.20349 53.414375 55.675514 24.947565
87 92.81706 66.92964 78.51137 60.505043 92.25199 12.308037 70.67925
88 6.925404 54.982735 2.4619758 84.141556 66.60026 14.987439 63.80263
89 33.953182 57.986767 44.24916 53.840298 86.43386 68.80987 90.24115
90 10.501963 89.300964 57.542538 22.877497 59.39898 86.43112 63.67913
91 51.109188 1.3884962 46.750313 22.908146 76.749214 54.138554 68.26863
92 73.79584 42.942707 16.797304 20.354153 58.810818 74.243 50.364166
93 74.92318 43.06624 13.3600235 22.359585 79.31514 10.455728 31.724972
94 2.5965512 8.285493 18.150091 24.034708 37.292118 31.918865 48.75502
95 14.439321 86.75117 71.527855 54.66891 79.11125 23.053902 22.015333
96 33.999718 78.24685 29.538345 71.05507 62.289482 43.322636 74.66057
97 81.1668 62.5552 62.443924 95.61913 47.768463 68.8981 79.2319
98 88.84182 46.084274 0.086683035 76.80455 77.25882 12.938822 40.819347
99 67.492256 90.74647 20.60377 44.371952 87.02342 34.05175 22.675873
