100
2
0 6.6774187 65.85821
1 62.155132 2.1644473
2 17.207378 8.72119
3 74.9018 71.33579
4 26.80204 45.99938
5 8.464754 57.596077
6 4.0773687 73.972496
7 18.278282 1.1230409
8 97.24029 65.84471
9 67.44643 30.757582
10 76.00687 60.82453
11 80.64277 39.159607
12 83.784065 55.133957
13 72.39374 83.78716
14 18.575907 71.31932
15 97.709045 96.04132
16 16.231077 98.76776
17 64.632935 38.04266
18 49.162186 31.619507
19 50.476383 53.43889
20 81.930916 9.309822
21 87.680916 10.798436
22 91.81602 57.843124
23 0.6960511 32.49302
24 87.68115 68.72341
25 33.976376 62.04972
26 59.469883 58.43177
27 73.08353 23.856682
28 99.11939 59.706966
29 18.588955 22.496874
30 32.560356 80.965515
31 76.50372 68.08381
32 43.027134 70.37185
33 12.612057 78.56709
34 94.722176 63.779037
35 22.469574 31.41148
36 49.85541 22.509539
37 67.87092 23.241306
38 23.421366 58.30008
39 56.032776 56.455223
40 21.302105 43.324368
41 4.128039 42.488987
42 36.22609 46.72257
43 61.50871 79.93478
44 30.915052 73.26174
45 10.144067 96.2741
46 61.87132 91.44338
47 43.46575 0.2701521
48 4.4647694 78.4408
49 30.752998 70.38012
50 39.355095 17.63283
51 12.022697 46.735867
52 81.225105 15.204393
53 73.536224 20.712667
54 48.011353 48.375595
55 20.736015 48.833298
56 27.319645 76.42791
57 70.7308 5.2730503
58 36.83633 83.010185
59 15.222174 29.63943
60 57.93624 34.48285
61 74.68311 0.6564796
62 52.302597 33.61131
63 51.148396 50.112312
64 26.481516 84.12945
65 48.45996 29.713737
66 60.476547 12.001085
67 31.33862 12.681616
68 55.64192 80.116905
69 37.15455 84.92515
70 21.462738 90.2413
71 93.479546 91.925186
72 17.837095 58.898556
73 69.9762 18.07109
74 2.029872 41.250465
75 52.27515 97.73011
76 20.69621 31.623238
77 48.387764 80.94326
78 5.730814 3.0057013
79 62.886143 92.05951
80 16.957218 36.442978
81 21.356047 44.126022
82 58.910583 99.73094
83 26.104206 74.294
84 37.583572 42.18112
85 35.205902 91.28759
86 15.703696 96.539375
87 99.949135 22.089249
88 41.912563 2.5338411
89 72.61975 84.95562
90 35.453968 60.189438
91 17.240292 24.788898
92 89.29379 70.23192
93 62.999874 26.412212
94 41.947113 47.929977
95 34.18202 74.65465
96 62.946056 93.96859
97 54.711628 87.12823
98 95.428375 48.851864
99 51.11593 87.52301
