250
20
0 65.82689 6.523758 83.47448 66.64851 30.862595 96.04324 26.826662 22.921402 12.697405 21.81018 82.268 65.01695 49.405766 54.352577 80.26059 34.53773 54.853565 33.320213 2.4493635 45.005386
1 76.96353 32.369072 72.09471 25.205648 74.625694 42.268932 92.873795 99.198654 31.647343 13.794077 7.377279 10.156751 43.294357 97.69559 71.00289 38.56539 69.74086 9.403008 45.751892 45.93404
2 15.276795 74.5198 98.48577 6.000519 28.146612 91.43118 90.37639 62.27603 15.691113 88.5161 8.526314 77.2812 76.88663 84.94171 71.048805 51.392715 89.83163 60.526836 26.348232 82.09312
3 77.192566 46.7084 23.057192 84.643776 56.623737 7.565272 95.260925 87.647354 65.81814 47.791027 48.523838 69.30508 9.787088 69.41804 45.145653 87.89609 89.42944 77.24978 35.393505 41.41059
4 40.220676 75.937874 17.62287 32.46901 94.276436 1.340425 0.7191181 14.582216 11.034006 22.42477 92.72796 11.190271 35.82151 45.051117 19.527143 69.311226 2.6832461 48.325645 45.614098 82.39938
5 10.598683 10.986257 98.29912 72.33046 59.831787 7.9396067 98.617325 96.28756 28.299618 14.372599 52.984257 61.51743 13.839525 80.898056 23.960197 18.07421 35.93037 92.356995 55.462402 18.194103
6 25.195461 94.895744 95.43713 0.08691549 77.85536 40.784966 19.505178 75.740074 88.74343 23.4811 83.61556 86.67115 25.642782 42.293667 7.5372577 81.11145 71.210686 77.67101 38.40364 61.344357
7 39.848297 75.82242 52.878506 34.158688 5.33458 31.73737 5.2767334 61.72251 32.221436 39.53849 8.651763 78.562355 47.79235 10.719723 77.02101 94.485245 81.292 76.695305 54.169804 7.756501
8 19.174545 20.050394 91.544304 80.009125 16.891087 67.084885 12.368959 79.3853 83.40243 16.135376 48.12034 44.286907 29.884428 35.51574 57.735878 2.639109 91.27518 0.8165419 29.37423 54.36374
9 82.24292 33.142025 23.177725 74.24221 8.242631 72.347466 84.38333 62.7598 89.54835 67.489334 46.41496 90.91495 70.03457 80.847466 49.459 86.21193 23.129576 92.66697 31.729996 58.80908
10 61.43764 17.155338 57.491196 94.55521 32.247383 22.526062 41.283577 53.71562 93.29635 10.586256 14.179397 26.678675 18.09364 96.41757 71.71496 59.77055 60.724335 23.30249 0.03941059 82.2277
11 0.84329844 9.723473 16.370695 28.934265 1.5478373 6.840497 90.767456 60.08874 8.595157 19.479286 61.260784 58.6966 38.162804 29.794098 75.35897 27.680523 82.76021 49.17534 13.719791 81.260056
12 78.272804 94.73523 91.32117 8.689022 38.303886 46.218925 16.754639 93.8794 70.38469 37.161213 89.38478 71.12185 39.221264 90.55885 59.189384 37.086987 58.474316 39.589035 86.31171 82.42085
13 49.721867 13.618583 51.971497 45.208508 56.89457 99.874565 63.711815 73.86024 99.82348 62.953537 4.382801 51.87501 71.38348 64.41638 23.223602 22.570557 60.40191 39.942802 0.4024148 32.16255
14 24.93984 74.11114 13.979536 16.267317 57.21635 45.344936 45.09763 2.5417626 8.369475 73.75923 6.968707 13.126296 66.02771 90.6921 23.672897 79.99544 64.464905 4.0766897 2.725464 47.235783
15 21.649815 72.2663 91.68565 22.462822 32.06675 29.551203 23.714388 58.669315 42.621105 58.796036 93.94199 34.19531 21.665192 55.087246 60.848213 46.460915 20.157211 14.031256 91.71375 21.658861
16 67.7348 49.717255 14.766687 52.62773 45.142166 60.99885 63.17271 28.29433 4.6566668 26.612837 96.82091 85.873726 50.138973 96.01076 30.316479 59.747612 42.866272 25.21215 32.149017 84.72101
17 24.74777 77.39092 57.164394 35.107388 79.77641 3.4864247 37.795372 1.5537858 22.112434 46.407276 58.63092 64.23886 66.05896 76.20075 32.517075 61.423267 11.9742155 86.03903 57.23769 56.477905
18 62.029976 28.481335 71.73782 12.44998 51.393646 86.97947 25.704432 11.750579 61.167397 93.08326 91.05052 38.27345 38.109528 69.66868 57.462765 31.608873 28.201038 4.46012 84.736755 47.237194
19 83.47662 6.170404 14.26593 14.72438 97.74953 33.06856 41.962124 87.86058 92.02111 96.351524 10.321272 69.05718 6.1390877 59.298164 12.623483 65.63714 62.87578 79.09247 5.7512817 81.21828
20 83.824265 67.99882 77.26491 52.312214 34.704327 1.1510432 98.69288 32.469402 18.74069 31.785028 51.04611 85.53141 80.197075 23.822094 24.973553 40.355045 11.955386 4.1283846 60.43808 54.114086
21 18.81768 20.679586 97.05683 35.137196 86.13996 61.706715 93.13744 52.1949 57.20359 8.45744 39.828568 51.004135 74.67751 19.560188 36.632137 64.08934 85.47013 57.519955 9.799224 23.450363
22 14.6239395 92.311966 88.917595 10.9777155 54.641098 48.392097 16.426558 36.27547 90.279755 90.042725 46.054035 50.36517 35.526318 76.46458 99.51664 54.32579 25.788403 18.365723 45.57175 69.76368
23 12.589222 58.258045 55.040436 11.403018 4.962593 98.83077 72.172806 57.15521 97.69516 59.525436 43.206726 96.69029 4.4497967 37.99285 12.74386 62.53358 58.103943 47.990833 57.26134 97.596466
24 62.383797 51.3129 81.3864 87.18569 40.66757 71.6679 79.236374 12.095576 68.828896 91.51531 21.986801 50.361294 39.916927 77.47033 99.7521 39.438976 56.608727 40.109043 35.79037 86.59354
25 1.56883 14.221514 32.9781 94.54339 91.5218 95.4858 74.509674 21.17089 74.95737 9.189868 14.98918 68.40926 9.480924 31.341112 85.68894 56.124485 27.991331 67.92098 34.00528 74.599
26 24.773968 5.12113 96.36284 74.58281 16.461992 23.40728 4.383856 80.10604 38.428455 67.7798 73.48912 37.45944 55.873238 52.53033 62.736816 17.87113 8.572758 63.338333 5.20128 3.1773567
27 78.4388 85.230545 34.173096 17.75297 5.7216406 9.570795 5.6185427 48.497044 70.488716 55.003475 89.42195 72.936485 65.07429 19.596684 57.767063 6.5034747 76.2502 78.09153 89.47085 79.56227
28 65.197876 58.24343 74.1076 66.42073 22.815365 3.13434 93.35571 48.78699 7.8801036 26.74877 72.231285 99.16104 68.08117 43.06072 86.87039 92.53509 47.469086 34.704937 34.476494 82.37832
29 98.544495 86.6495 75.21577 26.877815 19.67932 49.103714 44.53639 99.2848 7.057995 88.45614 70.98831 20.27676 49.62746 6.923395 71.56785 76.60225 61.999817 52.696663 0.41120648 37.854385
30 76.77189 39.905674 2.8792381 8.757973 38.78334 59.19964 45.340748 97.405136 20.465147 88.0026 9.965491 87.79865 22.230213 27.682018 36.33391 58.0365 23.988586 71.430756 69.475784 21.483786
31 4.0531693 80.37354 12.942564 8.129942 57.22347 50.351788 50.640095 75.63333 93.542244 42.409527 71.40315 5.737609 28.523355 25.905466 23.747778 21.042936 31.52116 14.430934 27.020008 51.5815
32 54.88726 26.65357 40.462177 0.14280081 47.737892 62.475426 28.79402 42.497414 66.19362 80.4498 86.072266 54.06522 30.07629 96.51259 77.22756 61.46685 74.04007 93.333015 6.2232075 66.89846
33 80.32335 50.870884 12.740302 9.30599 18.644215 44.248154 66.23446 90.64336 15.699154 37.32372 61.759537 72.63129 18.295753 57.23111 9.805375 11.752129 37.95434 14.746147 50.302486 52.89741
34 85.01051 31.151087 45.72454 8.117175 32.56267 8.023715 20.747084 52.10367 37.322033 91.18567 6.140673 23.990953 79.38359 13.289088 16.491425 22.191143 36.556465 75.91118 88.01917 59.556316
35 53.142826 46.58186 31.33123 37.203373 96.47188 89.22284 10.599911 31.729895 67.1762 28.671432 55.63838 39.959198 67.80305 27.256006 95.9882 13.269526 67.105 50.052296 89.80256 48.287254
36 79.03802 37.06238 7.452279 98.369865 12.458408 27.01574 36.902004 79.797325 22.66289 76.0014 60.5672 74.668686 93.7316 42.22132 31.198156 68.71455 12.146467 18.639725 56.03609 3.949684
37 19.965452 61.336243 6.802946 3.478229 99.09653 1.4081597 69.8366 26.815712 77.65657 31.080038 61.74649 9.6079235 32.304565 4.348004 76.28136 10.21995 5.6541324 93.40668 26.676607 38.764977
38 60.806156 43.985207 72.64787 50.98042 52.672386 95.575676 4.550785 1.9888341 31.619173 91.703255 20.224756 33.26695 84.14567 36.508286 7.9348087 2.7628064 9.482187 37.942505 15.9374 13.537539
39 83.37519 66.09452 83.90155 83.865234 50.700665 94.135735 61.157692 72.51477 48.264545 46.011032 83.026855 0.88730454 96.11856 61.4967 99.86888 30.530912 19.41374 88.129715 98.608894 74.84985
40 9.26835 98.61067 57.048004 69.933685 87.93887 9.741181 74.99074 56.527233 74.91222 88.23266 19.944584 46.233124 22.107637 83.58692 59.745247 55.887012 90.47292 37.781437 69.87603 98.28297
41 20.728016 15.088445 53.485012 51.480038 28.262383 47.724106 90.22624 87.028534 48.200695 49.181183 93.18907 96.666374 19.951582 47.37835 47.52553 2.2162378 31.242973 94.80568 90.19205 82.23816
42 16.385448 28.616316 66.806274 76.948006 0.5148113 56.3778 32.360268 98.3014 5.631441 4.536134 99.87025 41.07755 41.725266 78.454414 51.48322 62.204338 30.06084 82.37421 15.669781 26.183277
43 80.2702 42.33067 51.53783 43.850975 29.296833 67.76332 25.69657 7.2161913 61.049854 1.4491439 91.23667 24.91399 50.023663 10.898763 94.08807 28.909313 0.8374572 6.270999 15.150393 74.2621
44 5.9362173 64.25654 72.10309 18.648457 84.417786 48.65375 31.698334 8.342767 41.519726 46.214985 39.68435 31.742508 47.68716 50.799583 43.43036 32.311832 51.884174 95.26292 33.017498 9.894466
45 41.00412 34.48298 45.276768 25.377476 37.538483 55.434578 86.31205 59.163124 94.30257 32.535767 19.822084 42.126717 27.774256 55.193756 18.4716 69.81813 11.826867 46.462173 75.162415 50.52843
46 89.239624 29.19631 50.88664 7.2298646 8.82113 11.576265 90.534935 16.857607 47.318203 85.19248 51.27501 0.29845834 65.10242 4.1983786 57.662052 77.96139 87.08891 36.787395 60.311348 41.914898
47 11.170345 14.21687 31.631666 12.088227 67.927246 6.860125 72.72812 94.56024 81.35325 10.716003 34.138817 30.927217 81.21879 56.148815 12.637562 63.387287 65.46363 48.39026 84.04289 67.55547
48 4.1910353 6.84132 64.01499 58.99234 65.533394 98.11002 65.44869 27.667332 54.52956 11.967844 91.60043 22.573078 17.421854 36.27295 81.898155 4.759574 30.229897 67.97414 14.916915 27.281576
49 68.43739 94.47001 86.76389 33.87317 27.046597 80.06086 78.67035 1.3201237 11.586076 53.51464 24.564278 73.04231 61.935963 67.70664 96.48695 40.690495 64.6583 64.02801 65.67384 56.77768
50 95.049355 41.24955 31.760962 92.49576 48.087246 89.542915 67.78168 61.711384 35.118877 89.48353 19.326508 93.30699 59.360397 97.48339 51.454384 60.957027 33.487648 92.93365 24.734217 41.34544
51 63.738327 68.39655 34.289093 20.788967 20.571678 17.805756 84.10412 66.094055 21.132214 54.457886 28.395807 10.920656 15.201008 51.563347 66.84326 34.44055 47.214638 94.54053 69.32757 57.9628
52 42.072414 12.666475 55.9575 98.567566 63.18552 85.03382 11.080366 70.56779 25.456541 4.2144594 46.253628 47.54339 23.087889 13.115793 91.41416 4.3176355 88.337234 84.06628 19.41912 71.93057
53 20.165861 82.32878 44.499832 14.588493 75.32109 92.469536 66.783455 88.71753 64.47963 99.07706 13.776046 66.425476 34.940468 12.310898 95.50616 2.491802 92.84032 43.0597 96.90384 31.8875
54 42.3832 36.807972 72.00329 98.01172 19.099724 14.671564 36.83567 7.372445 17.217463 84.79455 27.615356 69.196846 57.928085 38.049686 58.269493 26.108784 92.340614 34.7083 75.83618 90.045296
55 58.4354 99.71211 37.13753 24.300665 20.165575 44.971924 67.86349 24.099981 65.339455 19.630474 82.28299 43.339146 59.968834 90.665764 43.798626 50.823437 84.85665 84.09735 3.1072617 15.043074
56 76.35919 74.222115 20.513933 59.60479 70.08896 17.893856 34.723778 82.06888 92.98641 61.32827 94.02298 25.110191 56.403446 37.032543 93.03359 51.42942 87.894264 52.30745 24.130089 31.301683
57 71.148094 2.74508 36.141987 65.48761 87.3326 23.95392 12.20203 55.687553 14.020461 92.4039 15.66382 1.8415391 13.377976 67.13041 79.09625 60.23053 54.50347 13.711346 11.719674 81.19349
58 67.373 1.3931572 99.59628 60.82862 21.004993 14.759541 58.803505 70.59597 85.9792 69.491844 52.146477 63.396378 62.685883 84.45858 86.206505 18.393826 89.54878 1.798737 98.24462 61.312984
59 49.43355 95.35036 16.310823 46.73213 53.555466 93.55345 14.54221 86.36656 38.03589 13.969624 86.82055 57.67534 72.98515 56.26657 62.518986 93.31252 73.332954 92.683754 88.87646 79.78414
60 56.87182 88.70776 95.53915 36.777145 11.971683 61.336826 42.004795 93.42203 85.57468 62.610607 71.16366 68.475586 53.361275 57.043488 58.97937 25.114399 86.92746 33.558758 57.784058 42.577023
61 37.52472 66.12238 88.92998 93.959 39.051056 68.47491 98.959755 67.537926 22.764582 3.4286559 65.40935 26.387018 87.40566 27.716106 26.282198 83.83757 87.4088 21.239317 27.634407 29.50012
62 71.56906 51.985954 92.15565 78.78825 9.374827 22.365057 27.746778 27.759356 93.26252 82.10636 27.57582 71.95617 64.88828 50.306423 84.69133 22.977835 21.306116 83.148415 16.803837 17.716694
63 53.414692 43.04194 96.19028 33.369606 21.470367 53.504074 20.774609 75.08168 99.710884 66.43016 74.294556 3.8331747 19.601315 74.187386 74.144966 89.17423 5.8748665 88.22733 27.122896 56.698727
64 54.93123 93.985954 27.078407 13.589877 26.370949 14.36668 69.6529 69.84405 57.147354 52.04035 2.179569 78.37129 17.229546 85.41508 9.807521 27.384705 85.576195 11.011368 89.43314 74.437126
65 66.9685 23.01715 22.58408 87.07007 1.7511249 11.20187 7.5681925 82.04349 51.25564 23.656672 94.60192 48.06737 7.666093 58.832085 18.960316 18.220324 65.929985 20.209377 94.19872 82.991875
66 71.178474 30.124247 97.000496 16.112793 83.72135 70.53103 98.08433 18.841862 77.309265 6.9345293 9.800869 77.771324 48.856197 86.71901 84.56505 12.923223 89.59888 59.377132 2.1740198 61.1722
67 70.70983 88.705315 85.47995 71.89881 79.212036 56.217617 29.013956 72.11381 2.7629852 51.48329 74.24495 4.773891 81.14552 14.769375 17.523104 32.121933 96.34338 16.540003 55.77918 83.92949
68 66.67737 98.60935 13.17128 84.61091 99.98041 54.960667 15.591979 12.241495 79.1066 33.6361 94.838806 83.28545 34.67399 2.191192 79.93807 58.873898 65.86757 40.8252 28.287607 79.13164
69 12.976008 32.589157 36.701935 31.510471 54.26318 77.49423 63.92018 85.33332 85.50571 5.663419 67.55172 98.59006 60.346405 37.97149 74.72809 53.064163 92.36774 95.29679 45.906685 61.536163
70 90.889595 89.26952 73.39777 35.34299 68.914566 8.265966 62.39115 4.0225625 96.91651 7.6968966 43.733025 51.00421 5.392247 9.017187 49.701828 12.992334 63.931686 38.298256 70.86981 86.32278
71 88.23159 93.92595 92.194374 74.44847 78.76747 20.595127 57.200634 87.94663 57.094067 0.16332269 21.998764 95.96006 95.878685 11.306709 66.49179 7.5280485 96.25463 91.811134 23.1022 97.37878
72 36.95041 87.56197 47.36861 55.808186 41.501408 39.01274 87.59193 41.436237 96.84437 32.571568 49.159996 11.89776 24.454493 94.71573 94.12949 46.693497 96.194565 89.809814 58.034866 12.109881
73 95.05415 77.957214 7.7316704 36.739815 16.373014 21.464336 49.42978 11.939466 59.941162 92.662254 32.062374 31.588531 76.08155 22.242743 73.95829 74.64674 49.549652 46.57007 80.69354 79.89379
74 60.485847 20.58292 68.30888 90.39098 79.955635 86.1726 72.17219 63.912403 93.59291 45.895397 10.080015 70.97335 6.871957 30.444246 95.234474 83.06124 52.48359 52.673485 16.066826 96.98675
75 78.652985 68.66135 35.136623 36.471027 58.046574 70.13862 17.205917 16.533058 82.77019 85.754234 99.82657 80.11338 41.020767 89.54573 30.20063 7.657075 45.942326 92.404594 35.558804 29.87864
76 74.43789 10.355115 85.79086 20.259302 91.951515 66.49501 75.55916 18.407839 83.96734 41.184692 66.69779 7.48837 83.14932 57.537346 22.474909 90.53294 96.20075 91.7882 54.465412 41.476803
77 71.75452 66.35113 25.599611 39.85527 61.573296 98.26223 83.73689 83.77246 65.26678 88.5325 77.24092 47.29272 93.404625 95.26677 54.945618 46.931004 66.66847 2.1489918 19.103659 81.35241
78 97.4519 86.25122 61.966663 40.473175 84.559006 87.61477 19.18913 59.435863 27.402878 65.50958 49.966423 41.77385 20.964224 90.84562 52.465797 49.659748 90.8971 14.3457775 30.503963 70.43827
79 35.28562 79.56247 94.44511 13.476157 47.94822 27.712065 45.879467 73.33389 51.702236 97.006775 15.800399 50.80182 89.050896 27.390379 92.79146 46.68486 24.31026 87.35042 48.295593 11.416758
80 53.79078 83.11868 86.55571 31.499063 99.383484 52.72783 77.544174 79.06846 52.436047 94.02126 71.45547 19.08644 17.360037 3.0869246 6.4981937 18.01858 82.774506 79.28404 60.233707 94.539986
81 78.50877 76.95036 25.070572 95.694855 92.37 89.223015 16.304762 27.789646 55.70115 43.69825 15.923161 59.661705 22.447437 75.725815 75.95403 94.20222 75.31214 46.127552 24.20677 52.29884
82 83.77549 54.50364 44.610764 69.6889 2.9964805 5.8133783 19.918257 92.377945 57.201565 50.67266 91.22049 98.89532 64.93398 93.19168 85.54392 39.153248 81.903496 43.89111 7.809943 79.287025
83 7.1106253 59.302402 68.786995 81.63264 92.95779 19.610256 97.5288 38.80704 45.299427 36.776726 50.431206 63.3717 96.4842 88.954605 3.768921 10.269946 86.62808 43.921597 90.77115 61.43388
84 25.411766 61.328495 95.403275 21.770609 9.967745 67.64915 34.544296 87.08579 1.821512 41.053516 78.75294 29.123676 76.85022 58.518284 73.92795 65.34725 42.85607 72.173065 15.582246 13.713402
85 7.2182713 44.30014 91.91902 80.69187 86.34688 74.01737 88.23833 57.121628 95.036606 57.248695 34.29272 46.994175 79.594475 94.20453 67.99277 82.51495 57.63856 74.65234 87.34067 71.245575
86 70.14788 55.45981 10.709638 22.010445 9.6563635 92.26182 70.71755 32.61205 60.963852 87.967926 25.155264 29.102594 27.480328 85.834175 89.97959 91.08207 43.987362 19.929623 33.581936 5.7223854
87 23.415125 67.3025 31.776602 73.254326 5.979383 45.57615 71.658676 54.612698 80.04885 8.974928 26.163906 56.7404 8.328629 2.102238 55.389015 99.44252 4.823309 91.68681 45.128674 89.20848
88 78.61868 64.810165 76.34688 37.445766 52.3915 30.973726 54.179626 33.269787 15.882402 13.214481 73.37813 2.3587227 28.071213 49.10294 84.72769 24.210304 3.760457 29.939175 68.85686 19.043428
89 29.550844 90.195526 48.98913 63.99624 46.19109 68.945885 50.651752 25.422686 5.9766827 20.690489 76.27173 52.032257 88.793335 69.9639 27.149307 22.215473 13.648212 18.04719 9.758371 70.82739
90 65.766075 1.9497395 81.99721 86.45004 25.770855 26.851643 66.28117 3.0243874 16.9105 89.98608 7.6723156 50.84508 10.063094 53.38686 28.083641 55.173885 52.293606 17.236822 2.5445342 7.887709
91 22.487694 77.24703 5.1966248 3.1856954 3.105706 96.40728 74.79869 44.80033 77.974205 81.71966 79.80835 54.56528 86.42484 73.61513 8.39349 53.576607 49.722916 43.429573 19.887262 43.344124
92 28.886372 61.660282 11.177659 88.88016 17.527664 76.13295 28.320562 35.038696 39.6659 99.388535 83.35001 65.83786 32.527916 93.56938 75.96019 21.023338 96.719315 99.175896 15.641409 99.62283
93 90.89804 41.924168 52.22183 24.378246 11.883211 75.51772 50.913082 89.21061 12.204302 53.72286 55.261467 22.574425 70.2248 44.288647 20.307278 38.805134 99.507866 91.87444 35.258038 16.28347
94 96.94009 44.44633 95.652336 92.16956 17.764748 85.0991 98.959366 38.150536 91.13447 61.784237 83.516045 27.460278 64.671165 4.121089 81.4028 0.54484606 79.98001 27.7955 23.117226 23.150396
95 23.825663 91.77673 91.60058 27.102787 89.02884 25.791996 40.247093 59.242874 83.92671 39.582092 42.984085 99.30446 94.872215 61.129997 52.418316 62.21115 79.69744 98.324356 86.52993 76.375275
96 24.869991 42.725395 16.650969 36.968792 60.32663 20.885695 74.74468 14.480037 95.33535 78.99898 60.62127 54.657757 19.43779 61.77758 98.06422 19.477642 34.34495 12.973845 40.33999 81.15831
97 26.945894 99.758316 51.727097 16.430456 18.254578 8.454502 23.094255 37.961758 87.633835 7.4260178 10.810876 8.613044 62.035633 52.048767 3.0775547 84.410515 13.878447 64.823746 13.873589 28.940796
98 42.708122 54.251026 18.949312 98.298416 40.678616 2.8630853 81.522 57.53982 2.4306774 16.8872 57.506775 10.437143 29.985476 66.76694 25.231886 90.6051 73.218475 83.928856 95.71835 18.03333
99 8.3076 9.7519455 33.87444 97.74491 88.795074 8.015961 54.55899 61.583923 56.66154 62.81533 60.657234 97.685 0.7442117 45.984795 12.404424 0.485605 25.16082 77.760605 71.56644 15.507155
100 95.912994 43.27953 53.18288 63.66769 75.88414 7.4910164 57.901447 58.522232 19.927805 79.33308 5.0487814 83.29581 67.13623 70.11932 60.121708 62.428654 47.71958 23.8348 59.03476 41.9572
101 79.81234 41.586708 97.97949 14.583307 6.1152577 97.2597 43.95453 76.726746 52.30008 35.253525 52.791275 57.012196 45.837254 38.1158 73.770615 87.12591 34.200115 56.31879 1.7043114 8.214349
102 80.66306 54.073303 76.70732 88.22531 91.11958 63.945164 60.943882 19.863039 60.03223 74.471466 61.580704 35.004826 92.88999 34.61038 55.280518 2.184248 18.048084 27.655666 76.133865 19.573307
103 95.78396 96.47588 94.33561 10.093033 46.606754 38.179707 64.607056 8.963478 85.65269 96.45779 2.8474927 81.09431 73.29615 76.11503 37.33871 47.955627 83.379036 69.20492 21.649158 55.505257
104 85.74283 93.54075 23.884762 98.74724 26.638227 0.3332019 68.862595 89.73243 33.244747 51.74534 92.96012 27.273739 32.681377 15.035004 26.693619 94.137314 53.81294 76.75298 87.44755 74.59904
105 15.70437 77.57702 98.2151 88.45003 20.155693 80.494446 40.785522 71.03265 79.33734 57.219254 60.65523 69.74141 71.67343 50.274426 12.238258 60.49363 29.887777 1.7326772 26.96147 30.639797
106 1.1931896 40.14455 2.86718 3.1295538 59.192772 60.962326 15.789801 48.77929 94.95624 94.37285 91.464905 15.312552 27.283669 19.777334 21.572567 92.39237 82.283035 95.407906 60.278778 87.872086
107 34.539032 32.26886 70.94741 51.510216 37.37445 56.567787 64.04289 95.78787 10.599518 97.20136 49.583458 9.410131 89.86856 73.140854 32.65346 75.55455 63.040806 78.49232 84.31998 14.750075
108 43.057487 4.66755 87.764114 0.042814016 22.648489 53.88987 69.53648 1.2561619 69.07886 85.87955 96.64406 24.92013 94.111496 70.03749 33.802406 28.87976 48.931427 54.104256 82.833336 15.557546
109 71.04815 92.75936 53.108067 88.01658 51.8251 36.90016 62.44594 88.83712 2.501744 67.669556 30.357832 16.68095 3.1600475 65.27013 77.4128 20.388014 4.3901625 48.102634 77.31009 29.45429
110 73.34036 65.00703 52.52335 74.51747 93.86665 4.8830748 54.777683 46.577408 30.662436 31.558144 11.815393 11.466151 87.14655 5.5950284 49.656284 41.73234 40.678722 12.251568 51.679707 14.605695
111 42.077477 39.78387 93.22711 97.859886 61.72246 3.8101494 82.987175 58.809505 45.57811 70.91524 54.184364 71.78498 81.68919 22.785347 22.612465 10.466218 43.043262 15.936953 71.96648 20.472849
112 64.70608 21.875542 35.919857 9.468376 81.91074 88.933685 31.224495 34.414505 27.980154 6.050235 6.0932875 33.997364 94.80813 96.63369 16.639446 56.941074 48.901794 48.98373 33.63375 90.038666
113 79.04511 40.421696 28.804737 42.19215 10.389871 22.508854 49.914066 99.30009 38.689857 62.03124 86.51842 19.01424 28.50014 29.633348 62.371998 81.56853 43.065483 68.23454 88.58404 83.24096
114 70.478745 75.11846 35.739433 40.529545 21.225292 83.61744 59.097786 36.6077 63.72761 16.701561 53.646553 65.68688 55.813194 9.921432 54.20347 26.97894 16.558916 14.751333 98.006386 57.25766
115 61.688316 15.454316 65.42578 21.61749 20.15083 38.476353 29.776596 65.782074 34.79048 38.715733 14.946312 62.900482 77.77687 92.764824 54.01166 13.674808 34.945915 66.65314 1.5654564 14.187765
116 12.166494 1.3151288 4.5600414 32.05862 22.660202 39.85834 22.597582 2.474302 34.764587 18.92422 89.327484 2.9587507 4.4180336 44.53447 66.57539 4.0086865 21.692688 48.632557 95.71868 44.300316
117 53.60722 74.20747 44.393627 99.2359 30.374992 7.8814745 67.68632 13.138872 64.90679 82.92601 2.400893 44.223053 8.077299 21.92101 30.757654 31.167728 68.826904 6.087989 39.952503 67.15277
118 89.01721 22.412998 59.475212 55.783974 80.06074 95.05161 36.0661 0.51959157 50.239075 94.50649 52.879852 29.858225 78.40646 97.33329 75.075584 2.340436 98.10732 46.61957 7.9803886 43.841637
119 24.239695 15.464372 49.5579 2.9912353 87.05696 73.743355 58.595894 34.95675 91.8648 94.472984 10.311252 38.207363 30.150206 47.29162 77.52275 29.95733 63.545925 20.477158 27.79193 93.336334
120 47.02335 92.35081 23.670244 10.305298 64.61631 61.01947 27.171087 89.10712 8.968115 6.642789 52.62479 41.601402 35.787106 41.54349 60.051643 84.98109 83.176926 34.59443 99.04417 62.719418
121 32.62451 31.806421 79.88931 62.575523 48.591637 34.615147 82.34976 74.33201 14.136898 11.042023 95.29081 78.70117 54.33058 68.0158 83.37611 1.3796568 32.510914 91.33254 85.61605 45.23135
122 18.328583 93.95901 88.95341 29.522217 64.25859 4.917699 76.69019 1.320821 18.610239 76.41331 3.8401246 31.72627 29.384834 3.0634522 90.9351 92.41829 12.526506 96.29048 84.989235 7.8792753
123 29.657501 71.63274 5.858988 60.06739 30.319983 14.77729 61.82301 57.685192 99.65984 41.644978 77.59667 76.666626 28.544449 52.330082 68.007675 95.08431 5.027813 61.88054 12.071711 30.159575
124 56.149273 31.88272 25.160711 91.0534 41.12235 4.981017 95.356026 75.05254 81.44955 84.525185 86.9899 0.8804679 82.359375 98.515686 26.931017 18.207382 51.73789 31.242413 73.55468 91.87188
125 7.518029 8.128918 34.808304 0.5333066 8.954102 35.259796 99.65685 37.937675 79.570145 51.153076 89.84729 69.002 64.61401 66.123985 28.808802 88.614265 89.92172 85.96569 78.11032 7.336366
126 45.10876 28.854488 64.794235 51.822155 86.42991 4.8894644 34.725388 8.273733 54.521404 89.33367 26.527464 52.019215 92.15637 56.578083 90.48006 25.480568 66.26741 70.559845 38.733864 38.398777
127 87.54089 37.600338 33.24938 38.99598 47.151005 3.4700751 10.915476 21.394753 72.52664 22.329622 40.364246 4.50756 37.839478 90.74637 70.132225 9.994406 47.14084 45.26542 95.15576 33.813572
128 62.2927 82.35106 59.320396 7.222706 49.132927 10.557824 61.164898 71.501495 15.345126 67.49406 12.186777 96.65038 65.49423 79.77585 50.88585 91.17346 82.42297 59.31682 68.15791 18.891209
129 91.031265 80.85463 92.41518 33.475258 78.28913 85.784805 96.43058 93.792175 41.637356 88.67619 67.0079 47.73593 52.74384 3.112328 56.860916 91.383606 42.5048 50.883232 63.295483 79.20122
130 0.36893487 16.500647 37.245953 92.64451 2.2426188 71.29436 69.799706 64.64445 28.688972 27.052223 71.49289 9.751725 52.71247 17.684412 6.380147 60.56469 84.53258 23.431105 61.237724 54.71982
131 81.36799 90.712555 77.382126 30.232298 11.91234 2.1713495 94.66621 55.2017 7.980543 76.42545 14.505541 58.518265 16.402107 31.492632 80.60675 16.7085 60.85698 6.0325623 65.79437 46.74409
132 40.775257 70.06393 93.40598 21.620481 89.00255 63.544888 78.65009 63.715046 14.578086 14.363396 54.664307 37.098736 6.15499 14.388174 19.401466 93.65028 26.347286 76.114655 61.600143 76.37118
133 0.21330714 76.246056 69.71693 26.898998 81.34083 84.736404 8.627921 20.85426 57.307434 17.158144 41.024673 85.13287 49.936695 68.824745 38.676273 64.18524 43.60267 45.29267 52.109688 59.130486
134 82.26398 95.394226 3.8394094 83.47813 59.905434 49.832695 22.185421 64.32036 63.1661 35.93604 11.145889 77.97975 34.23453 63.059563 41.99225 86.92515 8.2560835 84.30836 78.54557 40.790535
135 45.74466 39.98673 98.85337 1.8500209 56.608856 73.05639 28.656786 45.427937 79.73686 93.79162 48.12283 92.38425 98.5458 21.966303 3.3823192 35.748917 97.96287 82.81281 43.089314 91.33583
136 88.00193 5.4893436 91.19408 5.1108065 71.02826 18.024122 58.153217 93.39455 28.126228 44.12969 20.702785 38.6384 60.4219 48.667126 65.973366 59.3199 86.05073 8.971304 89.070496 71.07844
137 56.54671 88.11759 58.28373 43.975937 88.17423 78.226295 61.889988 81.96073 76.09963 62.081505 32.209324 32.28581 70.84167 0.019317865 2.3466706 9.648651 97.24616 96.86025 99.16449 59.85489
138 12.96013 96.57933 61.794872 16.349834 64.25758 16.69461 11.795521 28.311682 56.878006 91.59256 91.32196 77.27139 24.626595 86.091255 45.933647 99.34185 31.763554 54.676903 14.440054 98.842064
139 71.1498 15.555453 19.153107 65.941414 29.75458 34.77065 34.73642 93.286995 49.063087 47.297756 75.28324 54.590725 49.31099 97.68498 39.130222 49.829407 54.038578 51.252357 15.1021 7.851988
140 12.487083 92.151985 97.32462 46.406227 90.69963 91.139046 7.443219 33.31854 83.250725 43.406857 51.109528 40.02354 83.282745 65.32047 72.07605 81.89503 62.51156 13.675088 33.36191 58.7405
141 30.173271 87.850746 85.97433 36.063473 12.180728 74.89225 55.906807 93.75913 72.264046 51.381004 27.96582 47.090805 65.3696 10.566306 57.843674 56.210224 1.4341593 5.4822803 43.26046 59.059357
142 12.745153 0.8992195 11.509109 19.96429 69.917305 91.46519 78.98315 97.1527 16.095036 48.116703 41.938328 19.159412 73.92721 97.92078 14.591068 77.80466 89.31507 67.41198 27.504276 7.126403
143 75.62995 39.97632 86.93458 19.120401 4.3176413 2.9915273 14.354599 12.0047865 96.400925 19.654352 88.724335 91.40429 24.769043 28.417713 95.33309 43.581486 61.276596 94.74273 1.2965024 49.67972
144 44.09948 55.775253 75.26373 15.74738 99.60909 69.22816 7.8216314 32.762177 5.889183 9.14563 68.7917 49.45509 10.154188 19.615025 21.481735 96.74747 14.519585 14.45533 54.417294 12.174803
145 80.17086 88.34606 54.643993 74.70279 1.8883467 19.971191 38.924927 31.582987 7.5834694 8.0606165 49.688477 18.899208 2.0225286 89.547745 70.10107 93.58238 12.854934 68.5713 89.901115 87.09977
146 99.583984 4.1888475 72.45097 97.73972 42.94231 2.2087038 9.722078 80.21828 60.546528 66.56765 70.565865 96.84111 63.553463 42.57907 27.643627 25.089758 23.73441 27.856243 7.8584013 91.50309
147 7.896537 6.798774 32.180424 23.143959 30.446762 46.547997 64.5757 85.64077 0.21124482 61.914295 61.589165 53.44956 96.05304 44.913113 28.315723 34.082817 0.5939245 62.485878 31.393373 26.897108
148 82.229385 50.309414 72.71402 29.73612 23.97585 88.20755 80.272934 37.214733 11.416185 95.77793 55.534428 84.441414 70.5869 67.95563 24.507069 44.061314 76.11209 7.184458 56.088657 55.024445
149 67.83439 49.802517 33.913296 53.617783 34.780144 22.62553 33.725994 54.035378 64.24967 65.302185 68.10358 32.897644 53.42657 73.89931 4.0760574 63.28254 35.00239 40.747803 40.8832 5.4240704
150 47.32309 9.548653 97.793495 37.504948 55.455387 28.122324 12.746549 27.971214 0.8787632 54.316055 87.745445 45.39116 74.33057 64.10644 46.677788 40.74354 95.32747 80.806755 44.89848 45.640408
151 71.278854 16.778654 0.84362626 16.667604 53.682316 15.738744 10.6035595 36.875248 14.994997 46.53616 73.26907 9.39638 20.318485 15.36507 53.543697 51.953167 47.490585 90.28516 58.21599 14.177334
152 28.581 22.48621 13.300526 89.587906 7.736385 76.0935 21.738201 10.910797 73.974335 60.92702 19.312346 89.179665 73.60769 89.268196 54.76591 54.526443 2.7756453 32.434948 13.937622 58.36628
153 44.914024 40.214928 16.075855 14.230985 46.323784 55.663265 1.4044046 57.0463 12.267315 29.456026 34.63279 40.231384 79.77127 27.234995 90.61737 26.48753 56.640083 65.828125 1.0415852 54.213406
154 60.74669 90.8403 99.110756 27.623457 2.6881695 70.15009 41.228325 18.15623 8.159947 71.90214 37.876778 18.752926 5.2598057 88.54646 31.972515 34.98956 14.293188 72.55195 2.365601 59.59675
155 82.985855 47.131042 87.54151 74.150505 44.35516 24.48936 53.64419 76.02832 25.443363 2.899921 19.432217 95.2733 66.837074 65.75663 85.517975 57.783634 91.10756 84.452736 47.10396 64.04557
156 75.293144 41.540844 38.3605 90.06897 82.15479 70.55542 16.590256 15.690887 7.579035 28.823805 38.462776 39.223553 29.151749 24.577295 66.00635 23.587822 42.116898 50.031532 12.905264 22.456902
157 43.763863 88.479904 62.223045 73.21183 52.41537 71.792465 54.27211 92.16962 0.83853006 41.304386 21.356415 24.886751 30.858547 81.49538 86.96836 56.479053 92.56633 43.999035 17.22676 72.758736
158 50.687798 96.544975 17.467482 39.310085 56.896233 24.947721 76.569305 71.95607 21.135504 89.04551 34.50788 55.77407 19.97826 8.704901 57.532715 11.074185 4.8300323 2.0992815 62.07347 41.54765
159 8.129901 54.212124 8.880764 52.925915 8.876312 92.98935 57.93478 28.57616 78.67009 48.16562 11.316055 52.92285 31.426662 63.22267 93.59354 3.6647856 90.9373 94.22407 9.473907 91.50439
160 44.091522 25.74175 47.664963 21.383888 88.90597 49.390125 53.38822 24.706942 17.20004 15.5702 94.04857 68.20311 95.03802 85.16892 81.61009 65.26643 49.705482 71.73945 68.67945 90.88223
161 21.354061 93.00117 94.66393 55.573082 48.440777 5.5508795 54.21879 8.885068 88.18137 10.98805 87.15461 83.34825 12.464434 23.059834 30.733221 27.945852 3.6334634 22.069752 29.593199 21.08879
162 17.397434 88.124794 2.2296965 59.905933 97.59872 62.588795 16.887712 41.125362 61.936726 96.447174 23.853338 32.551884 22.863234 84.56402 29.449093 69.56665 34.141117 80.73424 22.622568 42.42432
163 32.96565 35.020573 84.99177 94.45245 78.62065 82.44944 25.767035 63.43018 21.47931 51.365757 94.36184 36.11432 97.42049 6.571996 85.05024 74.579254 60.639996 23.070122 73.104965 21.043056
164 97.17562 22.36886 12.900329 11.279297 8.584851 36.807728 1.9898653 74.48849 3.022945 85.389984 26.738739 76.36207 63.940968 4.7290983 74.33234 61.567318 95.79218 33.7293 31.58787 69.37624
165 34.099674 73.68478 15.718442 61.830948 93.157486 55.051155 57.85545 5.67106 49.23523 26.98707 12.604677 58.045864 87.71665 29.963678 11.134511 0.4081726 97.974335 19.692022 40.276535 56.36479
166 75.37494 32.02809 83.924355 86.87723 82.59546 33.40314 37.776024 32.11794 55.94586 5.0243616 25.3694 23.354113 91.734604 97.24313 37.662525 13.129032 64.541176 44.051163 64.42902 18.229038
167 66.79705 97.90917 21.850216 70.76198 97.107735 78.61989 34.333057 69.244865 94.62181 93.62188 41.269325 87.829605 26.3789 93.10949 51.743984 69.42449 93.41863 54.297894 6.727272 12.0466175
168 65.54325 22.781008 62.738186 79.62923 71.594826 73.42002 31.099665 83.88499 26.093758 32.0078 79.535126 5.6785164 29.811853 35.848957 78.86018 48.49042 33.60546 15.459145 96.84475 46.5746
169 45.459236 80.21476 57.962013 22.744566 10.600138 62.682384 94.76963 99.61386 25.706274 64.54597 71.21269 90.60837 9.191174 91.8605 6.3900175 18.030184 40.38925 29.43874 29.537886 42.557686
170 77.86262 89.4791 52.476215 17.303574 49.21489 54.33782 17.908747 58.22314 76.520905 89.2189 23.214127 17.38084 19.108212 19.3959 96.21112 55.271835 11.868411 85.59677 17.39626 89.793274
171 87.00583 17.897247 11.96422 92.11958 51.182808 5.710429 33.22187 51.0197 60.993023 12.3761 99.5497 17.2378 86.74658 55.89892 41.66635 6.4312162 68.40605 91.329895 41.491554 3.6201835
172 65.45606 19.21305 63.32126 2.7677774 53.368378 62.82183 71.3308 93.40004 68.54958 4.297036 12.673026 91.33439 98.20246 16.286898 4.767883 4.659849 24.929493 36.614384 69.979515 38.968594
173 93.256256 94.499985 95.99974 20.15044 68.21284 38.908577 90.22021 49.318714 7.9062223 43.934166 29.55734 85.93811 2.4309397 69.37058 61.037136 73.085945 21.846413 53.63193 74.453285 96.92344
174 24.20783 73.19265 77.15003 92.62146 60.24577 50.23149 47.07815 35.7268 60.28308 56.019695 7.420659 63.63303 38.95339 89.934944 52.038105 61.610825 18.404495 6.2666836 92.55767 84.74406
175 66.654274 76.97459 96.00508 16.911406 16.90126 77.352394 26.394684 44.260944 69.72573 42.52814 98.654976 29.874146 53.658466 90.60707 41.74077 62.743347 2.5170684 38.05322 56.89797 44.844173
176 98.748985 34.943336 42.993862 9.834766 80.873116 32.656013 53.859215 3.4330547 46.63874 20.33702 2.0241022 24.29952 29.944706 55.37845 42.446835 33.58711 43.666767 88.74627 61.27543 7.3252916
177 68.67674 90.18279 74.8482 77.40751 14.411491 98.30467 68.600174 90.88869 62.837326 13.932287 93.92436 3.1229913 46.58979 74.45591 2.0329297 5.3445935 66.04901 65.81059 50.22637 1.792115
178 58.295624 65.154594 29.526186 83.388405 34.005856 50.392746 59.236168 65.112526 63.6702 46.339912 88.61174 41.153442 40.907722 5.9746084 67.43854 77.14063 73.50564 98.59588 64.01829 71.44413
179 49.11574 14.787412 52.95971 29.775793 15.81952 16.243792 87.467026 68.96888 83.13072 92.36847 46.76193 89.53889 38.09751 16.0698 83.18341 82.92483 37.218822 69.62879 23.762249 1.4760554
180 57.686848 84.47218 35.10476 58.39986 2.35641 73.05275 79.7478 14.944005 59.733147 39.02038 57.329594 84.795746 32.63892 15.98441 79.58863 55.58409 3.088528 83.2494 8.046389 16.83926
181 83.89584 37.099968 35.003056 47.968365 83.77908 1.9707143 98.99522 71.73668 47.976906 60.934864 46.0095 14.201188 22.904766 78.4624 17.457878 34.64028 75.02209 9.729022 19.202625 35.186195
182 91.255066 14.60849 95.837906 23.83355 23.00067 65.87297 58.12046 63.31887 56.459023 0.3895402 35.083626 76.90541 98.90232 69.88225 6.223154 18.04096 40.14805 10.0835085 12.523687 19.671743
183 59.18579 40.097027 11.38295 78.993576 2.3955882 99.11778 82.12594 70.71606 18.438423 17.198265 72.2887 15.431797 28.607315 37.720615 5.7569447 16.159117 74.67245 69.1515 21.797388 55.11426
184 80.071175 45.351982 37.71072 61.63098 97.28161 40.33367 0.018918514 1.0569394 83.53639 83.350975 21.59195 31.406857 39.404236 92.36804 70.79917 50.341267 77.475975 22.319008 48.57995 38.28165
185 30.28682 63.586754 39.27061 55.592407 3.0972183 25.464874 69.16648 91.99637 75.21444 69.06014 35.268246 96.79431 26.699924 79.470024 46.651577 48.892647 40.672344 73.77634 37.66296 98.78399
186 6.6423473 60.38922 89.99816 30.960238 30.625492 97.82444 28.04283 38.06804 72.959724 43.683945 6.0875177 58.555244 66.15049 54.328835 78.67733 31.530714 70.59076 54.6928 66.98419 47.805466
187 65.12719 78.40188 99.32785 89.152916 28.20232 8.675295 96.510254 21.082283 81.2947 78.52675 90.222115 43.03789 53.762882 8.02244 42.24511 66.90699 2.699262 30.55172 74.38888 35.83989
188 25.300407 48.309464 14.008844 64.27248 28.409058 38.871597 11.553293 63.11782 40.690456 34.573215 37.953056 55.599808 39.343964 9.391761 27.922016 16.186804 13.855564 24.528622 96.57477 12.412244
189 54.16537 14.514553 31.441355 64.71638 56.416916 96.39581 99.285446 88.297615 14.394342 81.6576 20.49042 51.624615 63.624752 85.59135 55.6084 94.84328 74.27391 3.7077427 35.47514 46.74354
190 31.30383 46.74419 3.644377 67.9662 80.36368 52.3343 47.41819 20.281744 66.58564 75.32904 80.13659 14.423818 13.453108 73.22948 25.393326 52.286003 19.359095 66.66659 5.282587 41.279762
191 31.101889 56.113495 75.53207 90.10451 53.65657 99.12241 95.38216 74.711914 92.96401 1.7365158 98.33405 2.279973 98.60249 3.0431688 9.476524 68.78811 73.024414 53.12897 68.14171 54.351814
192 67.086586 17.300934 82.3257 89.69873 62.975002 18.99634 98.893486 49.72229 6.984198 41.27322 95.38716 36.423058 49.179237 93.424065 23.64909 37.04226 54.531322 61.668663 89.90053 24.920023
193 2.0225048 67.95282 81.883736 84.49807 92.3719 70.815186 31.749184 19.67203 50.917656 39.603783 78.17768 60.931786 75.83034 95.85928 96.461296 43.773872 30.833275 41.578167 48.68093 43.902832
194 80.1222 26.78263 54.529144 36.74702 76.934456 62.124886 47.61206 95.59988 38.50135 65.22366 2.1668553 57.87291 12.773836 71.46442 45.054 8.937425 86.75173 15.799194 0.6932974 52.07704
195 24.443071 46.67705 9.438485 28.222668 2.967316 6.9530487 58.918144 5.259049 38.19278 70.10753 33.36476 91.453674 33.223934 59.3157 17.225594 16.452187 22.251421 78.108246 49.77718 24.6108
196 23.531664 16.14092 69.491554 5.3088846 14.921516 53.83727 77.03001 42.229122 36.3668 12.59259 89.53663 55.147427 40.503956 90.347305 25.996881 73.09039 16.117508 88.4867 12.508524 64.157936
197 12.199068 98.3459 0.13615489 35.04871 81.93739 42.55073 58.404015 40.354282 36.85561 96.7771 20.302242 28.805119 68.78641 85.3445 74.88191 29.471737 30.286562 3.7689745 10.097111 6.871772
198 7.8487277 72.69378 19.58493 9.248442 23.843283 40.511185 84.68482 1.0175526 36.05224 91.81983 98.379814 18.392092 93.0371 71.27117 96.246 59.162277 51.07462 28.30516 25.241352 14.021564
199 67.22042 29.027122 2.6281655 50.98791 83.00594 63.617706 71.94745 67.48637 85.6865 18.090408 42.25133 50.460594 36.748142 40.122913 31.318737 15.205216 50.020397 42.60967 17.957752 93.00833
200 70.26658 83.344925 26.427698 78.52818 85.13064 82.99334 15.248221 35.27481 12.969297 89.695335 60.0186 54.615276 62.11422 31.056864 6.2262177 16.170734 95.77455 71.96992 13.320971 58.9375
201 54.955013 99.09537 19.575428 29.369713 59.837555 4.6207547 71.505806 69.24475 0.028324127 38.102222 89.024704 69.44654 34.44234 26.143217 74.225006 80.70824 2.4821222 35.99825 28.008629 6.5316796
202 26.224876 36.874413 63.99104 32.433235 86.78793 18.006075 16.610807 77.65619 41.678726 77.08152 32.595192 6.6515684 20.102238 38.19847 28.380686 56.887478 72.80482 82.42564 46.329163 33.641087
203 46.551712 33.769238 69.24384 80.90676 11.80172 91.71874 64.466156 57.783062 58.153343 11.719513 48.479523 61.855133 24.853384 25.34843 52.27411 33.1565 93.8033 51.42214 52.61795 15.075665
204 7.3561788 61.82697 29.775024 20.681679 1.6156673 35.921078 47.11419 65.80503 63.337242 14.628577 90.53079 53.063538 21.865356 69.84248 87.78378 75.91865 0.35154223 51.810463 70.92725 18.648851
205 47.886627 2.4385154 84.239784 49.509342 7.804865 6.8704424 49.74488 90.799255 0.50174594 50.554623 20.94931 34.38017 91.435356 0.8760035 10.245437 95.495735 7.901663 8.205396 8.031845 35.457886
206 69.596344 33.106506 2.5708854 66.62811 17.373444 36.963737 3.5504282 95.6843 98.018196 0.28247237 2.9417992 85.78678 77.86667 54.512577 21.80075 80.1186 78.88738 72.912834 77.959206 41.36172
207 23.113882 77.47796 17.981922 19.784296 27.365685 91.37297 27.255028 70.36766 53.867615 29.05668 18.636967 33.220684 14.083165 44.0336 95.80286 65.65202 64.78929 91.971535 49.37951 45.74884
208 75.6731 55.09246 18.392008 41.005856 86.62299 72.93124 96.67752 69.13862 87.07771 40.717716 83.08441 47.186234 17.509634 46.042233 28.843487 87.66334 19.138367 88.694244 77.91513 22.971785
209 98.64473 59.513588 92.8845 20.455086 62.894295 78.97079 15.663815 47.111313 48.955845 22.516018 98.49468 94.62404 88.04886 90.33816 15.215773 29.38884 11.073094 37.200623 98.22609 68.78101
210 17.222643 31.925476 54.8477 42.016495 76.58897 4.6521664 73.75331 92.40348 39.897842 97.28384 2.7145982 46.180283 52.45142 12.946606 42.150867 72.91078 60.36845 63.533348 72.88078 12.801641
211 2.3067057 10.501963 3.2313108 49.36509 72.54602 48.382004 51.42926 71.44125 46.70607 78.55601 59.245934 39.3908 81.13088 93.78144 86.50011 46.759842 34.313267 42.8741 51.628895 34.205193
212 43.44387 66.567055 38.550198 58.063843 2.59735 6.6846967 75.969444 65.57956 89.12371 53.636597 42.692493 64.202156 30.967813 44.359856 56.02582 58.100555 85.930466 82.053894 43.665092 33.443596
213 51.90704 68.50244 80.348335 10.277152 59.055603 12.920671 25.796158 5.9527454 26.377375 71.87123 30.958103 18.839622 38.62422 41.94234 75.27263 95.095345 8.628071 49.96994 62.531662 72.00264
214 5.4853797 89.31981 80.0868 43.042522 22.49977 30.145168 22.670729 89.51537 28.921436 76.93206 94.22621 6.0066223 46.422066 68.6835 39.090313 79.997154 41.56762 71.73087 66.98905 94.92936
215 57.522137 28.666908 37.937016 19.35826 76.618004 20.851236 65.74819 38.55676 16.610294 18.240429 98.95371 28.030985 0.30447245 16.148132 1.0537326 67.57308 85.280754 51.465714 97.83526 39.287003
216 8.670145 3.7020981 96.65532 40.829765 53.96375 92.07828 33.87409 6.0927687 21.819157 97.29341 33.84159 47.69326 25.487709 54.236023 91.873314 89.75563 1.109606 63.92642 39.436 24.149132
217 42.557835 63.741188 41.30893 10.038835 35.166813 24.19272 79.8542 14.538079 69.53011 28.23714 32.8516 13.474727 89.12906 50.594078 69.819954 95.6627 38.957478 25.52628 12.612325 34.280914
218 88.19832 52.90255 3.6526024 55.49222 51.607418 95.42463 37.855392 80.58513 11.353296 11.217904 69.48094 84.805664 74.99809 12.463295 44.42574 77.59031 3.9927542 54.588966 12.30427 96.85207
219 19.972515 24.26654 85.76678 38.86207 79.31179 85.89781 70.51321 37.46997 87.428215 63.580673 36.158867 17.09662 67.37407 22.162645 22.299105 86.09623 68.04223 80.69756 26.687061 6.528014
220 88.12838 53.497402 43.32217 76.70799 46.679222 97.411064 61.451252 30.559189 70.02757 23.672844 95.07507 86.979485 10.142779 53.66422 43.660187 50.252277 9.443569 0.5562365 34.570076 53.798866
221 82.028 3.6895275 26.505161 71.989365 67.73196 35.663635 60.294025 73.77851 11.655914 19.714296 92.087814 15.915483 32.585083 8.640718 86.81724 38.50549 25.41793 78.19741 53.18051 30.701756
222 28.222406 14.695364 71.008415 36.017174 8.331293 36.08354 67.22668 4.717052 45.002438 80.83694 96.499374 22.350264 21.204048 52.70521 49.742306 28.872501 73.200386 90.234535 59.85955 29.999775
223 74.530754 76.73284 75.15881 12.20389 67.98095 53.08836 91.881874 33.737816 74.087845 96.96729 57.15133 37.682827 43.00588 87.11523 90.4479 38.48026 25.170094 50.788925 7.625347 72.79826
224 88.65098 61.08175 37.63137 88.75272 32.507427 94.7219 83.78868 17.12584 37.46751 10.775148 23.016161 24.79552 61.123955 67.841805 46.114433 77.40312 54.307938 58.384197 97.645424 26.460474
225 29.748577 20.64929 66.504745 9.554863 11.446339 53.46951 38.58574 92.79098 92.85953 39.551968 45.59391 56.6629 20.058716 6.5345526 12.780941 2.5396466 30.042435 70.24128 20.883274 42.051296
226 28.588825 4.665792 90.68718 88.86649 2.0645916 32.02058 73.279465 47.458015 65.810135 82.79232 75.121796 40.073593 51.915348 19.53534 68.61116 17.690218 1.8047094 73.822525 78.82522 7.470739
227 26.035583 8.375692 2.8286934 85.211075 23.61511 76.24714 5.4264545 61.329586 66.05655 16.666258 54.84457 0.78175664 73.985306 58.755272 62.81908 86.37227 74.591286 26.027657 89.35194 89.583
228 81.39205 67.99198 65.39615 49.353737 89.969284 32.188572 93.46202 26.166517 17.477972 17.792828 62.1587 3.0352175 14.27781 78.04689 75.63028 36.1372 54.03322 16.063208 61.404194 13.209635
229 26.671011 20.122898 3.0950725 87.64298 55.83222 28.926891 9.517306 8.427959 79.63042 93.11703 4.9315395 31.549812 37.917595 90.85062 21.327156 55.688934 19.7083 66.679245 21.827198 85.60517
230 36.333263 44.15826 52.561314 59.592663 96.25788 33.51666 40.814747 34.94427 89.84394 31.68052 51.118446 67.322014 21.75206 28.610443 13.451505 38.96867 6.8385005 72.24263 23.19777 37.304043
231 25.515001 55.582775 19.313723 92.92828 96.39964 20.27511 2.7649164 95.51678 99.038666 88.148865 3.1779408 91.463 75.43262 48.039238 18.400288 60.145264 65.5288 22.108978 83.89055 80.911255
232 24.78093 91.791145 10.267228 62.653744 18.922758 76.47946 5.6805553 67.36867 56.41687 71.66541 61.753963 31.329298 68.3442 81.131714 78.54935 68.280396 71.08022 29.141087 75.28445 31.965631
233 92.80712 42.70237 33.37549 56.776928 31.148315 25.660086 39.859844 79.59368 57.95466 50.557484 99.50107 50.01363 47.056053 11.299867 9.083605 45.029396 71.71548 70.238106 97.82031 35.450268
234 77.24443 3.3595502 32.739716 80.496925 58.98343 73.08426 30.770033 12.307322 71.40137 11.300349 62.434834 79.69902 16.773664 67.628494 42.12529 49.36196 44.668877 6.6884756 82.381744 69.44467
235 70.78112 30.870295 14.132654 24.79707 56.52561 64.62066 0.09264946 2.3070693 91.864944 85.68654 67.267296 18.992645 82.214005 96.569275 68.56754 82.77369 46.7051 34.403275 28.779102 76.949646
236 6.8665385 53.66645 1.5040338 12.963128 50.724964 37.948208 40.196854 43.46211 42.895657 4.1530905 86.12149 88.22187 63.346462 25.023067 81.08846 1.2041748 69.74702 79.05132 94.38401 7.777405
237 15.742027 26.379436 96.62911 9.574425 21.776031 36.075382 42.72264 91.11231 89.47003 55.551193 29.908121 50.440727 4.792726 13.378406 52.799213 6.8373623 70.728386 99.291306 76.40921 35.854538
238 4.730076 31.939316 21.420134 27.579683 89.433266 38.48006 97.72779 22.354424 62.92624 58.22629 16.400164 21.765774 14.928007 93.41665 54.342754 6.6543875 31.671143 57.230057 76.99249 81.16689
239 20.849401 76.17518 43.13912 48.31317 90.95313 50.0425 12.442833 61.688118 50.526638 37.10113 54.38202 76.40682 2.7514875 39.86309 60.291653 84.1203 11.260712 12.543404 94.97111 89.27719
240 2.755791 85.64746 87.24019 1.4375746 0.9295881 16.561974 60.058487 49.105244 81.053276 83.56974 89.71212 89.71148 23.587364 70.620415 73.49239 6.358403 83.11049 63.05225 78.68424 60.825653
241 82.07306 32.167404 59.05231 63.087307 70.285645 16.322905 13.926065 26.91381 45.117523 65.53046 49.070644 98.597885 15.143376 58.293205 86.47929 68.806656 74.03446 96.69004 84.78942 36.200607
242 71.00353 57.006233 35.02492 73.7618 59.80435 7.271558 13.679952 25.539404 47.44103 83.98645 21.726973 11.364037 65.20751 52.487194 42.9568 51.42864 43.863823 8.529878 86.20805 10.721522
243 88.63553 32.779305 65.6467 57.17727 41.831146 0.3055513 42.5038 86.946846 66.30755 9.561372 35.82663 88.05505 33.434532 10.59581 83.15922 40.40007 7.84089 31.722282 33.024586 18.856548
244 67.84906 74.08539 7.071638 18.284285 16.472918 31.45399 22.279882 28.444363 31.072538 10.316009 93.25132 84.92231 79.70384 55.482376 85.98947 23.70383 34.9056 6.755388 1.361978 94.40665
245 28.727818 20.925486 76.41998 95.51728 80.38553 33.886517 91.72029 97.302956 55.742138 23.77296 13.644552 10.166586 78.17213 76.805176 22.37444 41.700596 47.07241 82.374916 32.667225 0.9986818
246 53.7939 67.52052 98.94845 48.142147 37.02369 68.34819 65.62662 27.23934 39.19808 67.48588 24.130266 47.82704 12.465752 62.95221 30.224503 9.516466 53.708015 80.84361 17.998188 73.97265
247 1.3829768 78.25648 83.90391 34.95472 7.2769046 75.45015 57.82132 87.32969 59.967113 99.31609 94.80499 48.629333 16.836626 50.954323 16.53651 98.586754 32.3038 36.091232 75.15632 12.717497
248 12.575907 21.033972 62.7953 22.762377 94.30145 21.991045 20.512463 19.861662 25.142038 70.35308 22.291052 63.67108 9.233772 59.69214 99.12843 93.05983 87.04558 5.8835087 90.01774 80.16332
249 16.114538 94.27606 39.764713 90.82359 51.957596 46.942646 26.178223 30.077345 44.096504 88.74991 73.3461 63.395702 34.124172 88.63001 64.65145 22.704453 96.18337 87.65873 94.15099 73.49441
